# columns:
# cstat, diff, n_index, index, n_norm, norm 
 550.07 9.8047 0 1.4500 0 0.00090000
 549.48 9.2206 1 1.4590 0 0.00090000
 548.94 8.6712 2 1.4680 0 0.00090000
 548.42 8.1564 3 1.4770 0 0.00090000
 547.94 7.6757 4 1.4860 0 0.00090000
 547.49 7.2288 5 1.4950 0 0.00090000
 547.08 6.8154 6 1.5040 0 0.00090000
 546.70 6.4352 7 1.5130 0 0.00090000
 546.35 6.0878 8 1.5220 0 0.00090000
 546.04 5.7729 9 1.5310 0 0.00090000
 545.75 5.4903 10 1.5400 0 0.00090000
 545.50 5.2395 11 1.5490 0 0.00090000
 545.28 5.0204 12 1.5580 0 0.00090000
 545.10 4.8326 13 1.5670 0 0.00090000
 544.94 4.6758 14 1.5760 0 0.00090000
 544.81 4.5498 15 1.5850 0 0.00090000
 544.72 4.4542 16 1.5940 0 0.00090000
 544.65 4.3888 17 1.6030 0 0.00090000
 544.62 4.3533 18 1.6120 0 0.00090000
 544.61 4.3475 19 1.6210 0 0.00090000
 544.63 4.3710 20 1.6300 0 0.00090000
 544.69 4.4237 21 1.6390 0 0.00090000
 544.77 4.5052 22 1.6480 0 0.00090000
 544.88 4.6154 23 1.6570 0 0.00090000
 545.02 4.7539 24 1.6660 0 0.00090000
 545.18 4.9205 25 1.6750 0 0.00090000
 545.38 5.1150 26 1.6840 0 0.00090000
 545.60 5.3372 27 1.6930 0 0.00090000
 545.85 5.5868 28 1.7020 0 0.00090000
 546.13 5.8636 29 1.7110 0 0.00090000
 546.43 6.1673 30 1.7200 0 0.00090000
 546.76 6.4978 31 1.7290 0 0.00090000
 547.12 6.8548 32 1.7380 0 0.00090000
 547.50 7.2381 33 1.7470 0 0.00090000
 547.91 7.6476 34 1.7560 0 0.00090000
 548.35 8.0829 35 1.7650 0 0.00090000
 548.81 8.5439 36 1.7740 0 0.00090000
 549.29 9.0303 37 1.7830 0 0.00090000
 549.81 9.5415 38 1.7920 0 0.00090000
 550.34 10.077 39 1.8010 0 0.00090000
 550.90 10.637 40 1.8100 0 0.00090000
 551.49 11.221 41 1.8190 0 0.00090000
 552.09 11.830 42 1.8280 0 0.00090000
 552.73 12.462 43 1.8370 0 0.00090000
 553.38 13.117 44 1.8460 0 0.00090000
 554.06 13.796 45 1.8550 0 0.00090000
 554.76 14.499 46 1.8640 0 0.00090000
 555.49 15.224 47 1.8730 0 0.00090000
 556.24 15.973 48 1.8820 0 0.00090000
 557.01 16.744 49 1.8910 0 0.00090000
 557.80 17.539 50 1.9000 0 0.00090000
 556.86 16.596 50 1.9000 1 0.00090800
 556.07 15.810 49 1.8910 1 0.00090800
 555.31 15.047 48 1.8820 1 0.00090800
 554.57 14.307 47 1.8730 1 0.00090800
 553.85 13.590 46 1.8640 1 0.00090800
 553.16 12.896 45 1.8550 1 0.00090800
 552.49 12.226 44 1.8460 1 0.00090800
 551.84 11.580 43 1.8370 1 0.00090800
 551.22 10.957 42 1.8280 1 0.00090800
 550.62 10.359 41 1.8190 1 0.00090800
 550.05 9.7850 40 1.8100 1 0.00090800
 549.50 9.2352 39 1.8010 1 0.00090800
 548.97 8.7100 38 1.7920 1 0.00090800
 548.47 8.2095 37 1.7830 1 0.00090800
 548.00 7.7343 36 1.7740 1 0.00090800
 547.55 7.2848 35 1.7650 1 0.00090800
 547.12 6.8612 34 1.7560 1 0.00090800
 546.73 6.4637 33 1.7470 1 0.00090800
 546.36 6.0926 32 1.7380 1 0.00090800
 546.01 5.7481 31 1.7290 1 0.00090800
 545.69 5.4303 30 1.7200 1 0.00090800
 545.40 5.1395 29 1.7110 1 0.00090800
 545.14 4.8760 28 1.7020 1 0.00090800
 544.90 4.6399 27 1.6930 1 0.00090800
 544.70 4.4314 26 1.6840 1 0.00090800
 544.51 4.2509 25 1.6750 1 0.00090800
 544.36 4.0985 24 1.6660 1 0.00090800
 544.24 3.9745 23 1.6570 1 0.00090800
 544.14 3.8792 22 1.6480 1 0.00090800
 544.08 3.8127 21 1.6390 1 0.00090800
 544.04 3.7753 20 1.6300 1 0.00090800
 544.03 3.7674 19 1.6210 1 0.00090800
 544.05 3.7891 18 1.6120 1 0.00090800
 544.10 3.8407 17 1.6030 1 0.00090800
 544.19 3.9225 16 1.5940 1 0.00090800
 544.30 4.0348 15 1.5850 1 0.00090800
 544.44 4.1778 14 1.5760 1 0.00090800
 544.62 4.3518 13 1.5670 1 0.00090800
 544.82 4.5572 12 1.5580 1 0.00090800
 545.06 4.7942 11 1.5490 1 0.00090800
 545.33 5.0631 10 1.5400 1 0.00090800
 545.63 5.3642 9 1.5310 1 0.00090800
 545.96 5.6978 8 1.5220 1 0.00090800
 546.33 6.0642 7 1.5130 1 0.00090800
 546.73 6.4638 6 1.5040 1 0.00090800
 547.16 6.8968 5 1.4950 1 0.00090800
 547.63 7.3637 4 1.4860 1 0.00090800
 548.13 7.8647 3 1.4770 1 0.00090800
 548.66 8.4001 2 1.4680 1 0.00090800
 549.23 8.9703 1 1.4590 1 0.00090800
 549.84 9.5757 0 1.4500 1 0.00090800
 549.66 9.3993 0 1.4500 2 0.00091600
 549.04 8.7727 1 1.4590 2 0.00091600
 548.45 8.1816 2 1.4680 2 0.00091600
 547.89 7.6255 3 1.4770 2 0.00091600
 547.37 7.1043 4 1.4860 2 0.00091600
 546.88 6.6175 5 1.4950 2 0.00091600
 546.43 6.1648 6 1.5040 2 0.00091600
 546.01 5.7458 7 1.5130 2 0.00091600
 545.62 5.3603 8 1.5220 2 0.00091600
 545.27 5.0080 9 1.5310 2 0.00091600
 544.95 4.6885 10 1.5400 2 0.00091600
 544.67 4.4014 11 1.5490 2 0.00091600
 544.41 4.1466 12 1.5580 2 0.00091600
 544.19 3.9237 13 1.5670 2 0.00091600
 544.00 3.7324 14 1.5760 2 0.00091600
 543.84 3.5724 15 1.5850 2 0.00091600
 543.71 3.4434 16 1.5940 2 0.00091600
 543.61 3.3452 17 1.6030 2 0.00091600
 543.54 3.2774 18 1.6120 2 0.00091600
 543.50 3.2399 19 1.6210 2 0.00091600
 543.50 3.2322 20 1.6300 2 0.00091600
 543.52 3.2543 21 1.6390 2 0.00091600
 543.57 3.3057 22 1.6480 2 0.00091600
 543.65 3.3863 23 1.6570 2 0.00091600
 543.76 3.4958 24 1.6660 2 0.00091600
 543.90 3.6339 25 1.6750 2 0.00091600
 544.06 3.8004 26 1.6840 2 0.00091600
 544.26 3.9951 27 1.6930 2 0.00091600
 544.48 4.2178 28 1.7020 2 0.00091600
 544.73 4.4681 29 1.7110 2 0.00091600
 545.01 4.7459 30 1.7200 2 0.00091600
 545.31 5.0510 31 1.7290 2 0.00091600
 545.65 5.3830 32 1.7380 2 0.00091600
 546.01 5.7419 33 1.7470 2 0.00091600
 546.39 6.1274 34 1.7560 2 0.00091600
 546.80 6.5392 35 1.7650 2 0.00091600
 547.24 6.9772 36 1.7740 2 0.00091600
 547.71 7.4412 37 1.7830 2 0.00091600
 548.19 7.9309 38 1.7920 2 0.00091600
 548.71 8.4456 39 1.8010 2 0.00091600
 549.25 8.9851 40 1.8100 2 0.00091600
 549.81 9.5493 41 1.8190 2 0.00091600
 550.40 10.138 42 1.8280 2 0.00091600
 551.01 10.751 43 1.8370 2 0.00091600
 551.65 11.388 44 1.8460 2 0.00091600
 552.31 12.048 45 1.8550 2 0.00091600
 553.00 12.733 46 1.8640 2 0.00091600
 553.70 13.441 47 1.8730 2 0.00091600
 554.44 14.173 48 1.8820 2 0.00091600
 555.19 14.928 49 1.8910 2 0.00091600
 555.97 15.706 50 1.9000 2 0.00091600
 555.13 14.867 50 1.9000 3 0.00092400
 554.36 14.097 49 1.8910 3 0.00092400
 553.61 13.350 48 1.8820 3 0.00092400
 552.89 12.627 47 1.8730 3 0.00092400
 552.19 11.928 46 1.8640 3 0.00092400
 551.52 11.252 45 1.8550 3 0.00092400
 550.86 10.600 44 1.8460 3 0.00092400
 550.24 9.9729 43 1.8370 3 0.00092400
 549.63 9.3696 42 1.8280 3 0.00092400
 549.05 8.7909 41 1.8190 3 0.00092400
 548.50 8.2368 40 1.8100 3 0.00092400
 547.97 7.7076 39 1.8010 3 0.00092400
 547.47 7.2033 38 1.7920 3 0.00092400
 546.99 6.7246 37 1.7830 3 0.00092400
 546.54 6.2719 36 1.7740 3 0.00092400
 546.11 5.8453 35 1.7650 3 0.00092400
 545.71 5.4452 34 1.7560 3 0.00092400
 545.34 5.0717 33 1.7470 3 0.00092400
 544.99 4.7251 32 1.7380 3 0.00092400
 544.67 4.4055 31 1.7290 3 0.00092400
 544.38 4.1132 30 1.7200 3 0.00092400
 544.11 3.8484 29 1.7110 3 0.00092400
 543.88 3.6113 28 1.7020 3 0.00092400
 543.67 3.4021 27 1.6930 3 0.00092400
 543.48 3.2211 26 1.6840 3 0.00092400
 543.33 3.0686 25 1.6750 3 0.00092400
 543.21 2.9447 24 1.6660 3 0.00092400
 543.11 2.8497 23 1.6570 3 0.00092400
 543.05 2.7839 22 1.6480 3 0.00092400
 543.01 2.7475 21 1.6390 3 0.00092400
 543.00 2.7408 20 1.6300 3 0.00092400
 543.03 2.7640 19 1.6210 3 0.00092400
 543.08 2.8174 18 1.6120 3 0.00092400
 543.17 2.9013 17 1.6030 3 0.00092400
 543.28 3.0160 16 1.5940 3 0.00092400
 543.43 3.1616 15 1.5850 3 0.00092400
 543.60 3.3386 14 1.5760 3 0.00092400
 543.81 3.5472 13 1.5670 3 0.00092400
 544.05 3.7877 12 1.5580 3 0.00092400
 544.32 4.0604 11 1.5490 3 0.00092400
 544.63 4.3655 10 1.5400 3 0.00092400
 544.97 4.7035 9 1.5310 3 0.00092400
 545.34 5.0746 8 1.5220 3 0.00092400
 545.74 5.4791 7 1.5130 3 0.00092400
 546.18 5.9174 6 1.5040 3 0.00092400
 546.65 6.3898 5 1.4950 3 0.00092400
 547.16 6.8966 4 1.4860 3 0.00092400
 547.70 7.4381 3 1.4770 3 0.00092400
 548.28 8.0147 2 1.4680 3 0.00092400
 548.89 8.6268 1 1.4590 3 0.00092400
 549.54 9.2747 0 1.4500 3 0.00092400
 549.46 9.2008 0 1.4500 4 0.00093200
 548.80 8.5317 1 1.4590 4 0.00093200
 548.16 7.8987 2 1.4680 4 0.00093200
 547.57 7.3015 3 1.4770 4 0.00093200
 547.00 6.7396 4 1.4860 4 0.00093200
 546.48 6.2129 5 1.4950 4 0.00093200
 545.98 5.7209 6 1.5040 4 0.00093200
 545.53 5.2632 7 1.5130 4 0.00093200
 545.10 4.8397 8 1.5220 4 0.00093200
 544.71 4.4499 9 1.5310 4 0.00093200
 544.36 4.0934 10 1.5400 4 0.00093200
 544.03 3.7701 11 1.5490 4 0.00093200
 543.74 3.4796 12 1.5580 4 0.00093200
 543.49 3.2216 13 1.5670 4 0.00093200
 543.26 2.9957 14 1.5760 4 0.00093200
 543.07 2.8017 15 1.5850 4 0.00093200
 542.90 2.6394 16 1.5940 4 0.00093200
 542.77 2.5083 17 1.6030 4 0.00093200
 542.67 2.4083 18 1.6120 4 0.00093200
 542.60 2.3390 19 1.6210 4 0.00093200
 542.56 2.3002 20 1.6300 4 0.00093200
 542.56 2.2916 21 1.6390 4 0.00093200
 542.58 2.3129 22 1.6480 4 0.00093200
 542.63 2.3640 23 1.6570 4 0.00093200
 542.71 2.4444 24 1.6660 4 0.00093200
 542.82 2.5541 25 1.6750 4 0.00093200
 542.96 2.6926 26 1.6840 4 0.00093200
 543.12 2.8598 27 1.6930 4 0.00093200
 543.32 3.0555 28 1.7020 4 0.00093200
 543.54 3.2794 29 1.7110 4 0.00093200
 543.80 3.5313 30 1.7200 4 0.00093200
 544.07 3.8108 31 1.7290 4 0.00093200
 544.38 4.1180 32 1.7380 4 0.00093200
 544.72 4.4524 33 1.7470 4 0.00093200
 545.08 4.8139 34 1.7560 4 0.00093200
 545.47 5.2022 35 1.7650 4 0.00093200
 545.88 5.6173 36 1.7740 4 0.00093200
 546.32 6.0587 37 1.7830 4 0.00093200
 546.79 6.5265 38 1.7920 4 0.00093200
 547.28 7.0201 39 1.8010 4 0.00093200
 547.80 7.5391 40 1.8100 4 0.00093200
 548.35 8.0832 41 1.8190 4 0.00093200
 548.92 8.6521 42 1.8280 4 0.00093200
 549.51 9.2458 43 1.8370 4 0.00093200
 550.13 9.8639 44 1.8460 4 0.00093200
 550.77 10.506 45 1.8550 4 0.00093200
 551.44 11.173 46 1.8640 4 0.00093200
 552.13 11.864 47 1.8730 4 0.00093200
 552.84 12.579 48 1.8820 4 0.00093200
 553.58 13.317 49 1.8910 4 0.00093200
 554.34 14.079 50 1.9000 4 0.00093200
 553.60 13.341 50 1.9000 5 0.00094000
 552.85 12.587 49 1.8910 5 0.00094000
 552.12 11.857 48 1.8820 5 0.00094000
 551.41 11.151 47 1.8730 5 0.00094000
 550.73 10.468 46 1.8640 5 0.00094000
 550.07 9.8106 45 1.8550 5 0.00094000
 549.44 9.1772 44 1.8460 5 0.00094000
 548.83 8.5684 43 1.8370 5 0.00094000
 548.25 7.9844 42 1.8280 5 0.00094000
 547.69 7.4252 41 1.8190 5 0.00094000
 547.16 6.8912 40 1.8100 5 0.00094000
 546.65 6.3825 39 1.8010 5 0.00094000
 546.16 5.8995 38 1.7920 5 0.00094000
 545.71 5.4428 37 1.7830 5 0.00094000
 545.28 5.0126 36 1.7740 5 0.00094000
 544.87 4.6091 35 1.7650 5 0.00094000
 544.50 4.2325 34 1.7560 5 0.00094000
 544.15 3.8830 33 1.7470 5 0.00094000
 543.82 3.5608 32 1.7380 5 0.00094000
 543.53 3.2661 31 1.7290 5 0.00094000
 543.26 2.9993 30 1.7200 5 0.00094000
 543.02 2.7604 29 1.7110 5 0.00094000
 542.81 2.5497 28 1.7020 5 0.00094000
 542.63 2.3675 27 1.6930 5 0.00094000
 542.48 2.2140 26 1.6840 5 0.00094000
 542.35 2.0895 25 1.6750 5 0.00094000
 542.26 1.9941 24 1.6660 5 0.00094000
 542.19 1.9282 23 1.6570 5 0.00094000
 542.16 1.8919 22 1.6480 5 0.00094000
 542.15 1.8856 21 1.6390 5 0.00094000
 542.17 1.9095 20 1.6300 5 0.00094000
 542.23 1.9639 19 1.6210 5 0.00094000
 542.31 2.0491 18 1.6120 5 0.00094000
 542.43 2.1652 17 1.6030 5 0.00094000
 542.58 2.3127 16 1.5940 5 0.00094000
 542.76 2.4918 15 1.5850 5 0.00094000
 542.97 2.7027 14 1.5760 5 0.00094000
 543.21 2.9458 13 1.5670 5 0.00094000
 543.49 3.2214 12 1.5580 5 0.00094000
 543.79 3.5298 11 1.5490 5 0.00094000
 544.14 3.8713 10 1.5400 5 0.00094000
 544.51 4.2461 9 1.5310 5 0.00094000
 544.92 4.6547 8 1.5220 5 0.00094000
 545.36 5.0973 7 1.5130 5 0.00094000
 545.84 5.5743 6 1.5040 5 0.00094000
 546.35 6.0860 5 1.4950 5 0.00094000
 546.90 6.6327 4 1.4860 5 0.00094000
 547.48 7.2148 3 1.4770 5 0.00094000
 548.10 7.8326 2 1.4680 5 0.00094000
 548.75 8.4865 1 1.4590 5 0.00094000
 549.44 9.1768 0 1.4500 5 0.00094000
 549.47 9.2020 0 1.4500 6 0.00094800
 548.75 8.4904 1 1.4590 6 0.00094800
 548.08 7.8156 2 1.4680 6 0.00094800
 547.44 7.1772 3 1.4770 6 0.00094800
 546.84 6.5748 4 1.4860 6 0.00094800
 546.27 6.0081 5 1.4950 6 0.00094800
 545.74 5.4768 6 1.5040 6 0.00094800
 545.24 4.9805 7 1.5130 6 0.00094800
 544.78 4.5188 8 1.5220 6 0.00094800
 544.36 4.0915 9 1.5310 6 0.00094800
 543.96 3.6982 10 1.5400 6 0.00094800
 543.60 3.3386 11 1.5490 6 0.00094800
 543.28 3.0124 12 1.5580 6 0.00094800
 542.98 2.7192 13 1.5670 6 0.00094800
 542.72 2.4588 14 1.5760 6 0.00094800
 542.49 2.2309 15 1.5850 6 0.00094800
 542.30 2.0352 16 1.5940 6 0.00094800
 542.14 1.8713 17 1.6030 6 0.00094800
 542.00 1.7389 18 1.6120 6 0.00094800
 541.90 1.6379 19 1.6210 6 0.00094800
 541.83 1.5680 20 1.6300 6 0.00094800
 541.79 1.5287 21 1.6390 6 0.00094800
 541.78 1.5200 22 1.6480 6 0.00094800
 541.81 1.5414 23 1.6570 6 0.00094800
 541.86 1.5929 24 1.6660 6 0.00094800
 541.94 1.6740 25 1.6750 6 0.00094800
 542.05 1.7845 26 1.6840 6 0.00094800
 542.19 1.9243 27 1.6930 6 0.00094800
 542.36 2.0930 28 1.7020 6 0.00094800
 542.55 2.2904 29 1.7110 6 0.00094800
 542.78 2.5164 30 1.7200 6 0.00094800
 543.03 2.7705 31 1.7290 6 0.00094800
 543.32 3.0527 32 1.7380 6 0.00094800
 543.63 3.3626 33 1.7470 6 0.00094800
 543.96 3.7002 34 1.7560 6 0.00094800
 544.33 4.0650 35 1.7650 6 0.00094800
 544.72 4.4570 36 1.7740 6 0.00094800
 545.14 4.8760 37 1.7830 6 0.00094800
 545.59 5.3217 38 1.7920 6 0.00094800
 546.06 5.7939 39 1.8010 6 0.00094800
 546.56 6.2923 40 1.8100 6 0.00094800
 547.08 6.8162 41 1.8190 6 0.00094800
 547.63 7.3655 42 1.8280 6 0.00094800
 548.20 7.9400 43 1.8370 6 0.00094800
 548.80 8.5395 44 1.8460 6 0.00094800
 549.43 9.1637 45 1.8550 6 0.00094800
 550.08 9.8126 46 1.8640 6 0.00094800
 550.75 10.486 47 1.8730 6 0.00094800
 551.45 11.184 48 1.8820 6 0.00094800
 552.17 11.905 49 1.8910 6 0.00094800
 552.92 12.651 50 1.9000 6 0.00094800
 552.27 12.010 50 1.9000 7 0.00095600
 551.54 11.272 49 1.8910 7 0.00095600
 550.82 10.559 48 1.8820 7 0.00095600
 550.13 9.8695 47 1.8730 7 0.00095600
 549.47 9.2049 46 1.8640 7 0.00095600
 548.83 8.5649 45 1.8550 7 0.00095600
 548.21 7.9498 44 1.8460 7 0.00095600
 547.62 7.3597 43 1.8370 7 0.00095600
 547.06 6.7948 42 1.8280 7 0.00095600
 546.52 6.2553 41 1.8190 7 0.00095600
 546.01 5.7414 40 1.8100 7 0.00095600
 545.52 5.2535 39 1.8010 7 0.00095600
 545.06 4.7921 38 1.7920 7 0.00095600
 544.62 4.3574 37 1.7830 7 0.00095600
 544.21 3.9498 36 1.7740 7 0.00095600
 543.83 3.5692 35 1.7650 7 0.00095600
 543.48 3.2161 34 1.7560 7 0.00095600
 543.15 2.8906 33 1.7470 7 0.00095600
 542.86 2.5928 32 1.7380 7 0.00095600
 542.59 2.3232 31 1.7290 7 0.00095600
 542.35 2.0817 30 1.7200 7 0.00095600
 542.13 1.8688 29 1.7110 7 0.00095600
 541.95 1.6846 28 1.7020 7 0.00095600
 541.79 1.5294 27 1.6930 7 0.00095600
 541.67 1.4033 26 1.6840 7 0.00095600
 541.57 1.3068 25 1.6750 7 0.00095600
 541.50 1.2399 24 1.6660 7 0.00095600
 541.47 1.2030 23 1.6570 7 0.00095600
 541.46 1.1963 22 1.6480 7 0.00095600
 541.48 1.2201 21 1.6390 7 0.00095600
 541.54 1.2747 20 1.6300 7 0.00095600
 541.62 1.3602 19 1.6210 7 0.00095600
 541.74 1.4771 18 1.6120 7 0.00095600
 541.89 1.6256 17 1.6030 7 0.00095600
 542.07 1.8059 16 1.5940 7 0.00095600
 542.28 2.0183 15 1.5850 7 0.00095600
 542.53 2.2633 14 1.5760 7 0.00095600
 542.80 2.5409 13 1.5670 7 0.00095600
 543.12 2.8516 12 1.5580 7 0.00095600
 543.46 3.1957 11 1.5490 7 0.00095600
 543.84 3.5734 10 1.5400 7 0.00095600
 544.25 3.9852 9 1.5310 7 0.00095600
 544.70 4.4312 8 1.5220 7 0.00095600
 545.18 4.9119 7 1.5130 7 0.00095600
 545.69 5.4276 6 1.5040 7 0.00095600
 546.24 5.9786 5 1.4950 7 0.00095600
 546.83 6.5652 4 1.4860 7 0.00095600
 547.45 7.1879 3 1.4770 7 0.00095600
 548.11 7.8469 2 1.4680 7 0.00095600
 548.81 8.5426 1 1.4590 7 0.00095600
 549.54 9.2755 0 1.4500 7 0.00095600
 549.66 9.3964 0 1.4500 8 0.00096400
 548.91 8.6423 1 1.4590 8 0.00096400
 548.19 7.9257 2 1.4680 8 0.00096400
 547.51 7.2461 3 1.4770 8 0.00096400
 546.87 6.6031 4 1.4860 8 0.00096400
 546.26 5.9965 5 1.4950 8 0.00096400
 545.69 5.4259 6 1.5040 8 0.00096400
 545.15 4.8909 7 1.5130 8 0.00096400
 544.65 4.3911 8 1.5220 8 0.00096400
 544.19 3.9263 9 1.5310 8 0.00096400
 543.76 3.4962 10 1.5400 8 0.00096400
 543.36 3.1003 11 1.5490 8 0.00096400
 543.00 2.7383 12 1.5580 8 0.00096400
 542.67 2.4101 13 1.5670 8 0.00096400
 542.38 2.1151 14 1.5760 8 0.00096400
 542.12 1.8533 15 1.5850 8 0.00096400
 541.89 1.6241 16 1.5940 8 0.00096400
 541.69 1.4274 17 1.6030 8 0.00096400
 541.53 1.2628 18 1.6120 8 0.00096400
 541.39 1.1300 19 1.6210 8 0.00096400
 541.29 1.0289 20 1.6300 8 0.00096400
 541.22 0.95900 21 1.6390 8 0.00096400
 541.18 0.92015 22 1.6480 8 0.00096400
 541.18 0.91205 23 1.6570 8 0.00096400
 541.20 0.93443 24 1.6660 8 0.00096400
 541.25 0.98704 25 1.6750 8 0.00096400
 541.33 1.0696 26 1.6840 8 0.00096400
 541.45 1.1819 27 1.6930 8 0.00096400
 541.59 1.3237 28 1.7020 8 0.00096400
 541.76 1.4946 29 1.7110 8 0.00096400
 541.96 1.6946 30 1.7200 8 0.00096400
 542.19 1.9233 31 1.7290 8 0.00096400
 542.44 2.1805 32 1.7380 8 0.00096400
 542.73 2.4660 33 1.7470 8 0.00096400
 543.04 2.7795 34 1.7560 8 0.00096400
 543.38 3.1209 35 1.7650 8 0.00096400
 543.75 3.4899 36 1.7740 8 0.00096400
 544.15 3.8863 37 1.7830 8 0.00096400
 544.57 4.3100 38 1.7920 8 0.00096400
 545.02 4.7606 39 1.8010 8 0.00096400
 545.50 5.2379 40 1.8100 8 0.00096400
 546.01 5.7418 41 1.8190 8 0.00096400
 546.54 6.2715 42 1.8280 8 0.00096400
 547.09 6.8268 43 1.8370 8 0.00096400
 547.67 7.4075 44 1.8460 8 0.00096400
 548.28 8.0134 45 1.8550 8 0.00096400
 548.91 8.6445 46 1.8640 8 0.00096400
 549.56 9.3004 47 1.8730 8 0.00096400
 550.24 9.9811 48 1.8820 8 0.00096400
 550.95 10.686 49 1.8910 8 0.00096400
 551.68 11.416 50 1.9000 8 0.00096400
 551.13 10.869 50 1.9000 9 0.00097200
 550.41 10.147 49 1.8910 9 0.00097200
 549.71 9.4500 48 1.8820 9 0.00097200
 549.04 8.7778 47 1.8730 9 0.00097200
 548.39 8.1306 46 1.8640 9 0.00097200
 547.77 7.5085 45 1.8550 9 0.00097200
 547.18 6.9117 44 1.8460 9 0.00097200
 546.60 6.3404 43 1.8370 9 0.00097200
 546.06 5.7947 42 1.8280 9 0.00097200
 545.54 5.2748 41 1.8190 9 0.00097200
 545.04 4.7812 40 1.8100 9 0.00097200
 544.58 4.3143 39 1.8010 9 0.00097200
 544.14 3.8745 38 1.7920 9 0.00097200
 543.73 3.4619 37 1.7830 9 0.00097200
 543.34 3.0768 36 1.7740 9 0.00097200
 542.98 2.7193 35 1.7650 9 0.00097200
 542.65 2.3897 34 1.7560 9 0.00097200
 542.35 2.0881 33 1.7470 9 0.00097200
 542.08 1.8148 32 1.7380 9 0.00097200
 541.83 1.5701 31 1.7290 9 0.00097200
 541.62 1.3541 30 1.7200 9 0.00097200
 541.43 1.1672 29 1.7110 9 0.00097200
 541.27 1.0094 28 1.7020 9 0.00097200
 541.14 0.88114 27 1.6930 9 0.00097200
 541.05 0.78259 26 1.6840 9 0.00097200
 540.98 0.71401 25 1.6750 9 0.00097200
 540.94 0.67566 24 1.6660 9 0.00097200
 540.93 0.66779 23 1.6570 9 0.00097200
 540.95 0.69068 22 1.6480 9 0.00097200
 541.01 0.74458 21 1.6390 9 0.00097200
 541.09 0.82977 20 1.6300 9 0.00097200
 541.21 0.94652 19 1.6210 9 0.00097200
 541.36 1.0951 18 1.6120 9 0.00097200
 541.54 1.2758 17 1.6030 9 0.00097200
 541.75 1.4890 16 1.5940 9 0.00097200
 542.00 1.7349 15 1.5850 9 0.00097200
 542.28 2.0137 14 1.5760 9 0.00097200
 542.59 2.3259 13 1.5670 9 0.00097200
 542.94 2.6718 12 1.5580 9 0.00097200
 543.32 3.0515 11 1.5490 9 0.00097200
 543.73 3.4656 10 1.5400 9 0.00097200
 544.18 3.9142 9 1.5310 9 0.00097200
 544.66 4.3977 8 1.5220 9 0.00097200
 545.18 4.9165 7 1.5130 9 0.00097200
 545.73 5.4709 6 1.5040 9 0.00097200
 546.32 6.0612 5 1.4950 9 0.00097200
 546.95 6.6877 4 1.4860 9 0.00097200
 547.61 7.3509 3 1.4770 9 0.00097200
 548.31 8.0512 2 1.4680 9 0.00097200
 549.05 8.7887 1 1.4590 9 0.00097200
 549.83 9.5640 0 1.4500 9 0.00097200
 550.04 9.7776 0 1.4500 10 0.00098000
 549.24 8.9811 1 1.4590 10 0.00098000
 548.49 8.2226 2 1.4680 10 0.00098000
 547.77 7.5018 3 1.4770 10 0.00098000
 547.08 6.8183 4 1.4860 10 0.00098000
 546.44 6.1717 5 1.4950 10 0.00098000
 545.83 5.5618 6 1.5040 10 0.00098000
 545.25 4.9881 7 1.5130 10 0.00098000
 544.71 4.4503 8 1.5220 10 0.00098000
 544.21 3.9480 9 1.5310 10 0.00098000
 543.74 3.4809 10 1.5400 10 0.00098000
 543.31 3.0488 11 1.5490 10 0.00098000
 542.91 2.6511 12 1.5580 10 0.00098000
 542.55 2.2878 13 1.5670 10 0.00098000
 542.22 1.9583 14 1.5760 10 0.00098000
 541.93 1.6624 15 1.5850 10 0.00098000
 541.66 1.3999 16 1.5940 10 0.00098000
 541.43 1.1703 17 1.6030 10 0.00098000
 541.24 0.97342 18 1.6120 10 0.00098000
 541.07 0.80895 19 1.6210 10 0.00098000
 540.94 0.67661 20 1.6300 10 0.00098000
 540.84 0.57610 21 1.6390 10 0.00098000
 540.77 0.50715 22 1.6480 10 0.00098000
 540.73 0.46948 23 1.6570 10 0.00098000
 540.73 0.46283 24 1.6660 10 0.00098000
 540.75 0.48692 25 1.6750 10 0.00098000
 540.81 0.54150 26 1.6840 10 0.00098000
 540.89 0.62632 27 1.6930 10 0.00098000
 541.00 0.74110 28 1.7020 10 0.00098000
 541.15 0.88562 29 1.7110 10 0.00098000
 541.32 1.0596 30 1.7200 10 0.00098000
 541.53 1.2629 31 1.7290 10 0.00098000
 541.76 1.4951 32 1.7380 10 0.00098000
 542.02 1.7561 33 1.7470 10 0.00098000
 542.31 2.0457 34 1.7560 10 0.00098000
 542.63 2.3636 35 1.7650 10 0.00098000
 542.97 2.7096 36 1.7740 10 0.00098000
 543.35 3.0835 37 1.7830 10 0.00098000
 543.75 3.4850 38 1.7920 10 0.00098000
 544.18 3.9140 39 1.8010 10 0.00098000
 544.63 4.3703 40 1.8100 10 0.00098000
 545.12 4.8536 41 1.8190 10 0.00098000
 545.63 5.3636 42 1.8280 10 0.00098000
 546.16 5.8997 43 1.8370 10 0.00098000
 546.73 6.4617 44 1.8460 10 0.00098000
 547.31 7.0494 45 1.8550 10 0.00098000
 547.93 7.6625 46 1.8640 10 0.00098000
 548.56 8.3011 47 1.8730 10 0.00098000
 549.23 8.9647 48 1.8820 10 0.00098000
 549.92 9.6534 49 1.8910 10 0.00098000
 550.63 10.367 50 1.9000 10 0.00098000
 550.17 9.9104 50 1.9000 11 0.00098800
 549.47 9.2049 49 1.8910 11 0.00098800
 548.79 8.5245 48 1.8820 11 0.00098800
 548.13 7.8693 47 1.8730 11 0.00098800
 547.50 7.2395 46 1.8640 11 0.00098800
 546.90 6.6353 45 1.8550 11 0.00098800
 546.32 6.0568 44 1.8460 11 0.00098800
 545.77 5.5042 43 1.8370 11 0.00098800
 545.24 4.9777 42 1.8280 11 0.00098800
 544.74 4.4776 41 1.8190 11 0.00098800
 544.27 4.0046 40 1.8100 11 0.00098800
 543.82 3.5589 39 1.8010 11 0.00098800
 543.40 3.1407 38 1.7920 11 0.00098800
 543.01 2.7502 37 1.7830 11 0.00098800
 542.65 2.3876 36 1.7740 11 0.00098800
 542.32 2.0531 35 1.7650 11 0.00098800
 542.01 1.7470 34 1.7560 11 0.00098800
 541.73 1.4694 33 1.7470 11 0.00098800
 541.48 1.2206 32 1.7380 11 0.00098800
 541.26 1.0008 31 1.7290 11 0.00098800
 541.07 0.81031 30 1.7200 11 0.00098800
 540.91 0.64928 29 1.7110 11 0.00098800
 540.78 0.51800 28 1.7020 11 0.00098800
 540.68 0.41669 27 1.6930 11 0.00098800
 540.61 0.34562 26 1.6840 11 0.00098800
 540.57 0.30504 25 1.6750 11 0.00098800
 540.56 0.29520 24 1.6660 11 0.00098800
 540.58 0.31637 23 1.6570 11 0.00098800
 540.63 0.36883 22 1.6480 11 0.00098800
 540.72 0.45283 21 1.6390 11 0.00098800
 540.83 0.56866 20 1.6300 11 0.00098800
 540.98 0.71659 19 1.6210 11 0.00098800
 541.16 0.89692 18 1.6120 11 0.00098800
 541.37 1.1099 17 1.6030 11 0.00098800
 541.62 1.3559 16 1.5940 11 0.00098800
 541.90 1.6352 15 1.5850 11 0.00098800
 542.21 1.9480 14 1.5760 11 0.00098800
 542.56 2.2948 13 1.5670 11 0.00098800
 542.94 2.6757 12 1.5580 11 0.00098800
 543.36 3.0912 11 1.5490 11 0.00098800
 543.81 3.5415 10 1.5400 11 0.00098800
 544.29 4.0270 9 1.5310 11 0.00098800
 544.81 4.5480 8 1.5220 11 0.00098800
 545.37 5.1049 7 1.5130 11 0.00098800
 545.96 5.6979 6 1.5040 11 0.00098800
 546.59 6.3275 5 1.4950 11 0.00098800
 547.26 6.9941 4 1.4860 11 0.00098800
 547.96 7.6978 3 1.4770 11 0.00098800
 548.70 8.4392 2 1.4680 11 0.00098800
 549.48 9.2186 1 1.4590 11 0.00098800
 550.30 10.036 0 1.4500 11 0.00098800
 550.60 10.340 0 1.4500 12 0.00099600
 549.76 9.5007 1 1.4590 12 0.00099600
 548.96 8.7003 2 1.4680 12 0.00099600
 548.20 7.9383 3 1.4770 12 0.00099600
 547.48 7.2143 4 1.4860 12 0.00099600
 546.79 6.5278 5 1.4950 12 0.00099600
 546.14 5.8786 6 1.5040 12 0.00099600
 545.53 5.2662 7 1.5130 12 0.00099600
 544.95 4.6903 8 1.5220 12 0.00099600
 544.41 4.1505 9 1.5310 12 0.00099600
 543.91 3.6466 10 1.5400 12 0.00099600
 543.44 3.1781 11 1.5490 12 0.00099600
 543.01 2.7448 12 1.5580 12 0.00099600
 542.61 2.3463 13 1.5670 12 0.00099600
 542.25 1.9823 14 1.5760 12 0.00099600
 541.92 1.6524 15 1.5850 12 0.00099600
 541.62 1.3565 16 1.5940 12 0.00099600
 541.36 1.0941 17 1.6030 12 0.00099600
 541.13 0.86490 18 1.6120 12 0.00099600
 540.93 0.66871 19 1.6210 12 0.00099600
 540.77 0.50518 20 1.6300 12 0.00099600
 540.64 0.37403 21 1.6390 12 0.00099600
 540.54 0.27498 22 1.6480 12 0.00099600
 540.47 0.20774 23 1.6570 12 0.00099600
 540.44 0.17205 24 1.6660 12 0.00099600
 540.43 0.16763 25 1.6750 12 0.00099600
 540.46 0.19421 26 1.6840 12 0.00099600
 540.52 0.25154 27 1.6930 12 0.00099600
 540.60 0.33936 28 1.7020 12 0.00099600
 540.72 0.45742 29 1.7110 12 0.00099600
 540.87 0.60547 30 1.7200 12 0.00099600
 541.05 0.78325 31 1.7290 12 0.00099600
 541.25 0.99054 32 1.7380 12 0.00099600
 541.49 1.2271 33 1.7470 12 0.00099600
 541.76 1.4927 34 1.7560 12 0.00099600
 542.05 1.7871 35 1.7650 12 0.00099600
 542.37 2.1101 36 1.7740 12 0.00099600
 542.73 2.4614 37 1.7830 12 0.00099600
 543.10 2.8409 38 1.7920 12 0.00099600
 543.51 3.2483 39 1.8010 12 0.00099600
 543.95 3.6834 40 1.8100 12 0.00099600
 544.41 4.1461 41 1.8190 12 0.00099600
 544.90 4.6360 42 1.8280 12 0.00099600
 545.42 5.1529 43 1.8370 12 0.00099600
 545.96 5.6962 44 1.8460 12 0.00099600
 546.53 6.2655 45 1.8550 12 0.00099600
 547.12 6.8608 46 1.8640 12 0.00099600
 547.75 7.4819 47 1.8730 12 0.00099600
 548.39 8.1286 48 1.8820 12 0.00099600
 549.06 8.8007 49 1.8910 12 0.00099600
 549.76 9.4981 50 1.9000 12 0.00099600
 549.39 9.1295 50 1.9000 13 0.0010040
 548.70 8.4401 49 1.8910 13 0.0010040
 548.04 7.7763 48 1.8820 13 0.0010040
 547.40 7.1381 47 1.8730 13 0.0010040
 546.79 6.5257 46 1.8640 13 0.0010040
 546.20 5.9394 45 1.8550 13 0.0010040
 545.64 5.3792 44 1.8460 13 0.0010040
 545.11 4.8453 43 1.8370 13 0.0010040
 544.60 4.3382 42 1.8280 13 0.0010040
 544.12 3.8583 41 1.8190 13 0.0010040
 543.67 3.4060 40 1.8100 13 0.0010040
 543.25 2.9814 39 1.8010 13 0.0010040
 542.85 2.5848 38 1.7920 13 0.0010040
 542.48 2.2164 37 1.7830 13 0.0010040
 542.14 1.8763 36 1.7740 13 0.0010040
 541.83 1.5648 35 1.7650 13 0.0010040
 541.55 1.2822 34 1.7560 13 0.0010040
 541.29 1.0286 33 1.7470 13 0.0010040
 541.07 0.80426 32 1.7380 13 0.0010040
 540.87 0.60945 31 1.7290 13 0.0010040
 540.71 0.44439 30 1.7200 13 0.0010040
 540.57 0.30933 29 1.7110 13 0.0010040
 540.47 0.20450 28 1.7020 13 0.0010040
 540.39 0.13016 27 1.6930 13 0.0010040
 540.35 0.086574 26 1.6840 13 0.0010040
 540.34 0.073987 25 1.6750 13 0.0010040
 540.36 0.092667 24 1.6660 13 0.0010040
 540.41 0.14288 23 1.6570 13 0.0010040
 540.49 0.22490 22 1.6480 13 0.0010040
 540.60 0.33901 21 1.6390 13 0.0010040
 540.75 0.48548 20 1.6300 13 0.0010040
 540.93 0.66460 19 1.6210 13 0.0010040
 541.14 0.87666 18 1.6120 13 0.0010040
 541.39 1.1220 17 1.6030 13 0.0010040
 541.66 1.4008 16 1.5940 13 0.0010040
 541.98 1.7135 15 1.5850 13 0.0010040
 542.32 2.0603 14 1.5760 13 0.0010040
 542.71 2.4416 13 1.5670 13 0.0010040
 543.12 2.8576 12 1.5580 13 0.0010040
 543.57 3.3088 11 1.5490 13 0.0010040
 544.06 3.7954 10 1.5400 13 0.0010040
 544.58 4.3178 9 1.5310 13 0.0010040
 545.14 4.8763 8 1.5220 13 0.0010040
 545.74 5.4712 7 1.5130 13 0.0010040
 546.37 6.1030 6 1.5040 13 0.0010040
 547.04 6.7719 5 1.4950 13 0.0010040
 547.74 7.4783 4 1.4860 13 0.0010040
 548.49 8.2226 3 1.4770 13 0.0010040
 549.27 9.0052 2 1.4680 13 0.0010040
 550.09 9.8265 1 1.4590 13 0.0010040
 550.95 10.687 0 1.4500 13 0.0010040
 551.34 11.077 0 1.4500 14 0.0010120
 550.46 10.195 1 1.4590 14 0.0010120
 549.62 9.3532 2 1.4680 14 0.0010120
 548.81 8.5500 3 1.4770 14 0.0010120
 548.05 7.7854 4 1.4860 14 0.0010120
 547.32 7.0590 5 1.4950 14 0.0010120
 546.63 6.3704 6 1.5040 14 0.0010120
 545.98 5.7193 7 1.5130 14 0.0010120
 545.37 5.1054 8 1.5220 14 0.0010120
 544.79 4.5281 9 1.5310 14 0.0010120
 544.25 3.9873 10 1.5400 14 0.0010120
 543.75 3.4826 11 1.5490 14 0.0010120
 543.28 3.0135 12 1.5580 14 0.0010120
 542.84 2.5799 13 1.5670 14 0.0010120
 542.45 2.1814 14 1.5760 14 0.0010120
 542.08 1.8176 15 1.5850 14 0.0010120
 541.75 1.4882 16 1.5940 14 0.0010120
 541.46 1.1929 17 1.6030 14 0.0010120
 541.20 0.93150 18 1.6120 14 0.0010120
 540.97 0.70357 19 1.6210 14 0.0010120
 540.77 0.50886 20 1.6300 14 0.0010120
 540.61 0.34707 21 1.6390 14 0.0010120
 540.48 0.21791 22 1.6480 14 0.0010120
 540.38 0.12110 23 1.6570 14 0.0010120
 540.32 0.056365 24 1.6660 14 0.0010120
 540.29 0.023426 25 1.6750 14 0.0010120
 540.29 0.022014 26 1.6840 14 0.0010120
 540.32 0.051864 27 1.6930 14 0.0010120
 540.38 0.11271 28 1.7020 14 0.0010120
 540.47 0.20431 29 1.7110 14 0.0010120
 540.59 0.32639 30 1.7200 14 0.0010120
 540.74 0.47872 31 1.7290 14 0.0010120
 540.92 0.66105 32 1.7380 14 0.0010120
 541.14 0.87313 33 1.7470 14 0.0010120
 541.38 1.1147 34 1.7560 14 0.0010120
 541.65 1.3856 35 1.7650 14 0.0010120
 541.95 1.6856 36 1.7740 14 0.0010120
 542.28 2.0144 37 1.7830 14 0.0010120
 542.64 2.3718 38 1.7920 14 0.0010120
 543.02 2.7576 39 1.8010 14 0.0010120
 543.44 3.1716 40 1.8100 14 0.0010120
 543.88 3.6136 41 1.8190 14 0.0010120
 544.35 4.0833 42 1.8280 14 0.0010120
 544.84 4.5807 43 1.8370 14 0.0010120
 545.37 5.1051 44 1.8460 14 0.0010120
 545.92 5.6562 45 1.8550 14 0.0010120
 546.50 6.2336 46 1.8640 14 0.0010120
 547.10 6.8373 47 1.8730 14 0.0010120
 547.73 7.4669 48 1.8820 14 0.0010120
 548.39 8.1225 49 1.8910 14 0.0010120
 549.07 8.8037 50 1.9000 14 0.0010120
 548.78 8.5203 50 1.9000 15 0.0010200
 548.11 7.8471 49 1.8910 15 0.0010200
 547.46 7.1998 48 1.8820 15 0.0010200
 546.84 6.5787 47 1.8730 15 0.0010200
 546.25 5.9837 46 1.8640 15 0.0010200
 545.68 5.4152 45 1.8550 15 0.0010200
 545.14 4.8733 44 1.8460 15 0.0010200
 544.62 4.3584 43 1.8370 15 0.0010200
 544.13 3.8709 42 1.8280 15 0.0010200
 543.68 3.4113 41 1.8190 15 0.0010200
 543.24 2.9796 40 1.8100 15 0.0010200
 542.84 2.5762 39 1.8010 15 0.0010200
 542.47 2.2012 38 1.7920 15 0.0010200
 542.12 1.8548 37 1.7830 15 0.0010200
 541.80 1.5373 36 1.7740 15 0.0010200
 541.51 1.2488 35 1.7650 15 0.0010200
 541.25 0.98970 34 1.7560 15 0.0010200
 541.02 0.76009 33 1.7470 15 0.0010200
 540.82 0.56024 32 1.7380 15 0.0010200
 540.65 0.39040 31 1.7290 15 0.0010200
 540.51 0.25080 30 1.7200 15 0.0010200
 540.41 0.14170 29 1.7110 15 0.0010200
 540.33 0.063333 28 1.7020 15 0.0010200
 540.28 0.015969 27 1.6930 15 0.0010200
 540.26 -0.00013970 26 1.6840 15 0.0010200
 540.28 0.015272 25 1.6750 15 0.0010200
 540.33 0.062470 24 1.6660 15 0.0010200
 540.41 0.14173 23 1.6570 15 0.0010200
 540.52 0.25332 22 1.6480 15 0.0010200
 540.66 0.39753 21 1.6390 15 0.0010200
 540.84 0.57464 20 1.6300 15 0.0010200
 541.05 0.78495 19 1.6210 15 0.0010200
 541.29 1.0287 18 1.6120 15 0.0010200
 541.57 1.3063 17 1.6030 15 0.0010200
 541.88 1.6180 16 1.5940 15 0.0010200
 542.23 1.9641 15 1.5850 15 0.0010200
 542.61 2.3449 14 1.5760 15 0.0010200
 543.02 2.7607 13 1.5670 15 0.0010200
 543.48 3.2119 12 1.5580 15 0.0010200
 543.96 3.6987 11 1.5490 15 0.0010200
 544.49 4.2216 10 1.5400 15 0.0010200
 545.04 4.7809 9 1.5310 15 0.0010200
 545.64 5.3769 8 1.5220 15 0.0010200
 546.27 6.0099 7 1.5130 15 0.0010200
 546.94 6.6803 6 1.5040 15 0.0010200
 547.65 7.3886 5 1.4950 15 0.0010200
 548.40 8.1349 4 1.4860 15 0.0010200
 549.18 8.9198 3 1.4770 15 0.0010200
 550.01 9.7436 2 1.4680 15 0.0010200
 550.87 10.607 1 1.4590 15 0.0010200
 551.77 11.509 0 1.4500 15 0.0010200
 552.25 11.984 0 1.4500 16 0.0010280
 551.32 11.060 1 1.4590 16 0.0010280
 550.44 10.176 2 1.4680 16 0.0010280
 549.60 9.3314 3 1.4770 16 0.0010280
 548.79 8.5262 4 1.4860 16 0.0010280
 548.02 7.7599 5 1.4950 16 0.0010280
 547.30 7.0320 6 1.5040 16 0.0010280
 546.61 6.3422 7 1.5130 16 0.0010280
 545.95 5.6901 8 1.5220 16 0.0010280
 545.34 5.0754 9 1.5310 16 0.0010280
 544.76 4.4977 10 1.5400 16 0.0010280
 544.22 3.9567 11 1.5490 16 0.0010280
 543.72 3.4519 12 1.5580 16 0.0010280
 543.25 2.9832 13 1.5670 16 0.0010280
 542.81 2.5501 14 1.5760 16 0.0010280
 542.42 2.1523 15 1.5850 16 0.0010280
 542.05 1.7896 16 1.5940 16 0.0010280
 541.73 1.4615 17 1.6030 16 0.0010280
 541.43 1.1677 18 1.6120 16 0.0010280
 541.17 0.90808 19 1.6210 16 0.0010280
 540.95 0.68218 20 1.6300 16 0.0010280
 540.75 0.48975 21 1.6390 16 0.0010280
 540.59 0.33048 22 1.6480 16 0.0010280
 540.47 0.20410 23 1.6570 16 0.0010280
 540.37 0.11032 24 1.6660 16 0.0010280
 540.31 0.048865 25 1.6750 16 0.0010280
 540.28 0.019454 26 1.6840 16 0.0010280
 540.29 0.021820 27 1.6930 16 0.0010280
 540.32 0.055698 28 1.7020 16 0.0010280
 540.38 0.12083 29 1.7110 16 0.0010280
 540.48 0.21695 30 1.7200 16 0.0010280
 540.61 0.34382 31 1.7290 16 0.0010280
 540.76 0.50118 32 1.7380 16 0.0010280
 540.95 0.68879 33 1.7470 16 0.0010280
 541.17 0.90641 34 1.7560 16 0.0010280
 541.42 1.1538 35 1.7650 16 0.0010280
 541.69 1.4307 36 1.7740 16 0.0010280
 542.00 1.7370 37 1.7830 16 0.0010280
 542.34 2.0723 38 1.7920 16 0.0010280
 542.70 2.4365 39 1.8010 16 0.0010280
 543.09 2.8294 40 1.8100 16 0.0010280
 543.51 3.2507 41 1.8190 16 0.0010280
 543.96 3.7002 42 1.8280 16 0.0010280
 544.44 4.1778 43 1.8370 16 0.0010280
 544.95 4.6832 44 1.8460 16 0.0010280
 545.48 5.2159 45 1.8550 16 0.0010280
 546.04 5.7755 46 1.8640 16 0.0010280
 546.63 6.3617 47 1.8730 16 0.0010280
 547.24 6.9744 48 1.8820 16 0.0010280
 547.88 7.6133 49 1.8910 16 0.0010280
 548.54 8.2784 50 1.9000 16 0.0010280
 548.34 8.0775 50 1.9000 17 0.0010360
 547.68 7.4205 49 1.8910 17 0.0010360
 547.05 6.7898 48 1.8820 17 0.0010360
 546.45 6.1857 47 1.8730 17 0.0010360
 545.87 5.6082 46 1.8640 17 0.0010360
 545.32 5.0576 45 1.8550 17 0.0010360
 544.80 4.5341 44 1.8460 17 0.0010360
 544.30 4.0383 43 1.8370 17 0.0010360
 543.83 3.5706 42 1.8280 17 0.0010360
 543.40 3.1312 41 1.8190 17 0.0010360
 542.98 2.7203 40 1.8100 17 0.0010360
 542.60 2.3380 39 1.8010 17 0.0010360
 542.25 1.9846 38 1.7920 17 0.0010360
 541.92 1.6603 37 1.7830 17 0.0010360
 541.63 1.3653 36 1.7740 17 0.0010360
 541.36 1.0999 35 1.7650 17 0.0010360
 541.13 0.86421 34 1.7560 17 0.0010360
 540.92 0.65859 33 1.7470 17 0.0010360
 540.75 0.48322 32 1.7380 17 0.0010360
 540.60 0.33834 31 1.7290 17 0.0010360
 540.49 0.22421 30 1.7200 17 0.0010360
 540.40 0.14106 29 1.7110 17 0.0010360
 540.35 0.089167 28 1.7020 17 0.0010360
 540.33 0.068776 27 1.6930 17 0.0010360
 540.34 0.080152 26 1.6840 17 0.0010360
 540.39 0.12356 25 1.6750 17 0.0010360
 540.46 0.19928 24 1.6660 17 0.0010360
 540.57 0.30759 23 1.6570 17 0.0010360
 540.71 0.44875 22 1.6480 17 0.0010360
 540.89 0.62307 21 1.6390 17 0.0010360
 541.09 0.83083 20 1.6300 17 0.0010360
 541.34 1.0723 19 1.6210 17 0.0010360
 541.61 1.3478 18 1.6120 17 0.0010360
 541.92 1.6577 17 1.6030 17 0.0010360
 542.27 2.0022 16 1.5940 17 0.0010360
 542.65 2.3817 15 1.5850 17 0.0010360
 543.06 2.7965 14 1.5760 17 0.0010360
 543.51 3.2468 13 1.5670 17 0.0010360
 544.00 3.7331 12 1.5580 17 0.0010360
 544.52 4.2557 11 1.5490 17 0.0010360
 545.08 4.8149 10 1.5400 17 0.0010360
 545.67 5.4110 9 1.5310 17 0.0010360
 546.31 6.0445 8 1.5220 17 0.0010360
 546.98 6.7156 7 1.5130 17 0.0010360
 547.69 7.4247 6 1.5040 17 0.0010360
 548.44 8.1723 5 1.4950 17 0.0010360
 549.22 8.9586 4 1.4860 17 0.0010360
 550.05 9.7840 3 1.4770 17 0.0010360
 550.91 10.649 2 1.4680 17 0.0010360
 551.82 11.554 1 1.4590 17 0.0010360
 552.76 12.499 0 1.4500 17 0.0010360
 553.32 13.055 0 1.4500 18 0.0010440
 552.35 12.089 1 1.4590 18 0.0010440
 551.43 11.163 2 1.4680 18 0.0010440
 550.54 10.277 3 1.4770 18 0.0010440
 549.70 9.4314 4 1.4860 18 0.0010440
 548.89 8.6252 5 1.4950 18 0.0010440
 548.12 7.8580 6 1.5040 18 0.0010440
 547.39 7.1295 7 1.5130 18 0.0010440
 546.70 6.4393 8 1.5220 18 0.0010440
 546.05 5.7871 9 1.5310 18 0.0010440
 545.44 5.1726 10 1.5400 18 0.0010440
 544.86 4.5952 11 1.5490 18 0.0010440
 544.32 4.0548 12 1.5580 18 0.0010440
 543.81 3.5509 13 1.5670 18 0.0010440
 543.35 3.0833 14 1.5760 18 0.0010440
 542.92 2.6516 15 1.5850 18 0.0010440
 542.52 2.2554 16 1.5940 18 0.0010440
 542.16 1.8944 17 1.6030 18 0.0010440
 541.83 1.5684 18 1.6120 18 0.0010440
 541.54 1.2770 19 1.6210 18 0.0010440
 541.28 1.0199 20 1.6300 18 0.0010440
 541.06 0.79687 21 1.6390 18 0.0010440
 540.87 0.60750 22 1.6480 18 0.0010440
 540.72 0.45155 23 1.6570 18 0.0010440
 540.59 0.32872 24 1.6660 18 0.0010440
 540.50 0.23874 25 1.6750 18 0.0010440
 540.45 0.18133 26 1.6840 18 0.0010440
 540.42 0.15621 27 1.6930 18 0.0010440
 540.43 0.16311 28 1.7020 18 0.0010440
 540.47 0.20177 29 1.7110 18 0.0010440
 540.54 0.27193 30 1.7200 18 0.0010440
 540.64 0.37334 31 1.7290 18 0.0010440
 540.77 0.50573 32 1.7380 18 0.0010440
 540.93 0.66886 33 1.7470 18 0.0010440
 541.13 0.86249 34 1.7560 18 0.0010440
 541.35 1.0864 35 1.7650 18 0.0010440
 541.60 1.3403 36 1.7740 18 0.0010440
 541.89 1.6240 37 1.7830 18 0.0010440
 542.20 1.9373 38 1.7920 18 0.0010440
 542.54 2.2799 39 1.8010 18 0.0010440
 542.92 2.6516 40 1.8100 18 0.0010440
 543.32 3.0522 41 1.8190 18 0.0010440
 543.75 3.4815 42 1.8280 18 0.0010440
 544.20 3.9393 43 1.8370 18 0.0010440
 544.69 4.4254 44 1.8460 18 0.0010440
 545.20 4.9395 45 1.8550 18 0.0010440
 545.75 5.4812 46 1.8640 18 0.0010440
 546.31 6.0500 47 1.8730 18 0.0010440
 546.91 6.6456 48 1.8820 18 0.0010440
 547.53 7.2680 49 1.8910 18 0.0010440
 548.18 7.9170 50 1.9000 18 0.0010440
 548.06 7.7962 50 1.9000 19 0.0010520
 547.42 7.1553 49 1.8910 19 0.0010520
 546.81 6.5412 48 1.8820 19 0.0010520
 546.22 5.9540 47 1.8730 19 0.0010520
 545.66 5.3940 46 1.8640 19 0.0010520
 545.13 4.8613 45 1.8550 19 0.0010520
 544.62 4.3566 44 1.8460 19 0.0010520
 544.14 3.8802 43 1.8370 19 0.0010520
 543.70 3.4322 42 1.8280 19 0.0010520
 543.28 3.0130 41 1.8190 19 0.0010520
 542.89 2.6228 40 1.8100 19 0.0010520
 542.53 2.2616 39 1.8010 19 0.0010520
 542.19 1.9298 38 1.7920 19 0.0010520
 541.89 1.6276 37 1.7830 19 0.0010520
 541.62 1.3552 36 1.7740 19 0.0010520
 541.38 1.1128 35 1.7650 19 0.0010520
 541.16 0.90062 34 1.7560 19 0.0010520
 540.98 0.71899 33 1.7470 19 0.0010520
 540.83 0.56810 32 1.7380 19 0.0010520
 540.71 0.44819 31 1.7290 19 0.0010520
 540.62 0.35952 30 1.7200 19 0.0010520
 540.57 0.30235 29 1.7110 19 0.0010520
 540.54 0.27692 28 1.7020 19 0.0010520
 540.55 0.28350 27 1.6930 19 0.0010520
 540.59 0.32236 26 1.6840 19 0.0010520
 540.66 0.39378 25 1.6750 19 0.0010520
 540.76 0.49802 24 1.6660 19 0.0010520
 540.90 0.63537 23 1.6570 19 0.0010520
 541.07 0.80611 22 1.6480 19 0.0010520
 541.27 1.0105 21 1.6390 19 0.0010520
 541.51 1.2489 20 1.6300 19 0.0010520
 541.79 1.5216 19 1.6210 19 0.0010520
 542.09 1.8289 18 1.6120 19 0.0010520
 542.43 2.1710 17 1.6030 19 0.0010520
 542.81 2.5484 16 1.5940 19 0.0010520
 543.23 2.9613 15 1.5850 19 0.0010520
 543.67 3.4100 14 1.5760 19 0.0010520
 544.16 3.8949 13 1.5670 19 0.0010520
 544.68 4.4163 12 1.5580 19 0.0010520
 545.24 4.9746 11 1.5490 19 0.0010520
 545.83 5.5701 10 1.5400 19 0.0010520
 546.47 6.2031 9 1.5310 19 0.0010520
 547.14 6.8740 8 1.5220 19 0.0010520
 547.85 7.5832 7 1.5130 19 0.0010520
 548.59 8.3311 6 1.5040 19 0.0010520
 549.38 9.1179 5 1.4950 19 0.0010520
 550.21 9.9442 4 1.4860 19 0.0010520
 551.07 10.810 3 1.4770 19 0.0010520
 551.98 11.716 2 1.4680 19 0.0010520
 552.93 12.663 1 1.4590 19 0.0010520
 553.91 13.651 0 1.4500 19 0.0010520
 554.55 14.286 0 1.4500 20 0.0010600
 553.54 13.277 1 1.4590 20 0.0010600
 552.57 12.309 2 1.4680 20 0.0010600
 551.65 11.382 3 1.4770 20 0.0010600
 550.76 10.496 4 1.4860 20 0.0010600
 549.91 9.6500 5 1.4950 20 0.0010600
 549.11 8.8435 6 1.5040 20 0.0010600
 548.34 8.0763 7 1.5130 20 0.0010600
 547.61 7.3480 8 1.5220 20 0.0010600
 546.92 6.6584 9 1.5310 20 0.0010600
 546.27 6.0069 10 1.5400 20 0.0010600
 545.66 5.3933 11 1.5490 20 0.0010600
 545.08 4.8171 12 1.5580 20 0.0010600
 544.54 4.2782 13 1.5670 20 0.0010600
 544.04 3.7760 14 1.5760 20 0.0010600
 543.57 3.3103 15 1.5850 20 0.0010600
 543.14 2.8807 16 1.5940 20 0.0010600
 542.75 2.4869 17 1.6030 20 0.0010600
 542.39 2.1286 18 1.6120 20 0.0010600
 542.07 1.8055 19 1.6210 20 0.0010600
 541.78 1.5172 20 1.6300 20 0.0010600
 541.53 1.2635 21 1.6390 20 0.0010600
 541.31 1.0440 22 1.6480 20 0.0010600
 541.12 0.85846 23 1.6570 20 0.0010600
 540.97 0.70658 24 1.6660 20 0.0010600
 540.85 0.58808 25 1.6750 20 0.0010600
 540.77 0.50267 26 1.6840 20 0.0010600
 540.71 0.45006 27 1.6930 20 0.0010600
 540.69 0.42999 28 1.7020 20 0.0010600
 540.71 0.44218 29 1.7110 20 0.0010600
 540.75 0.48637 30 1.7200 20 0.0010600
 540.83 0.56231 31 1.7290 20 0.0010600
 540.93 0.66973 32 1.7380 20 0.0010600
 541.07 0.80838 33 1.7470 20 0.0010600
 541.24 0.97802 34 1.7560 20 0.0010600
 541.44 1.1784 35 1.7650 20 0.0010600
 541.67 1.4093 36 1.7740 20 0.0010600
 541.93 1.6704 37 1.7830 20 0.0010600
 542.23 1.9616 38 1.7920 20 0.0010600
 542.55 2.2826 39 1.8010 20 0.0010600
 542.90 2.6332 40 1.8100 20 0.0010600
 543.28 3.0131 41 1.8190 20 0.0010600
 543.69 3.4222 42 1.8280 20 0.0010600
 544.12 3.8603 43 1.8370 20 0.0010600
 544.59 4.3270 44 1.8460 20 0.0010600
 545.09 4.8223 45 1.8550 20 0.0010600
 545.61 5.3459 46 1.8640 20 0.0010600
 546.16 5.8972 47 1.8730 20 0.0010600
 546.74 6.4759 48 1.8820 20 0.0010600
 547.35 7.0817 49 1.8910 20 0.0010600
 547.98 7.7145 50 1.9000 20 0.0010600
 547.94 7.6713 50 1.9000 21 0.0010680
 547.31 7.0466 49 1.8910 21 0.0010680
 546.71 6.4491 48 1.8820 21 0.0010680
 546.14 5.8790 47 1.8730 21 0.0010680
 545.60 5.3364 46 1.8640 21 0.0010680
 545.09 4.8220 45 1.8550 21 0.0010680
 544.60 4.3361 44 1.8460 21 0.0010680
 544.14 3.8790 43 1.8370 21 0.0010680
 543.71 3.4509 42 1.8280 21 0.0010680
 543.32 3.0519 41 1.8190 21 0.0010680
 542.95 2.6823 40 1.8100 21 0.0010680
 542.61 2.3423 39 1.8010 21 0.0010680
 542.30 2.0321 38 1.7920 21 0.0010680
 542.02 1.7519 37 1.7830 21 0.0010680
 541.77 1.5021 36 1.7740 21 0.0010680
 541.55 1.2827 35 1.7650 21 0.0010680
 541.36 1.0941 34 1.7560 21 0.0010680
 541.20 0.93644 33 1.7470 21 0.0010680
 541.07 0.81003 32 1.7380 21 0.0010680
 540.98 0.71510 31 1.7290 21 0.0010680
 540.92 0.65190 30 1.7200 21 0.0010680
 540.88 0.62069 29 1.7110 21 0.0010680
 540.89 0.62173 28 1.7020 21 0.0010680
 540.92 0.65529 27 1.6930 21 0.0010680
 540.99 0.72164 26 1.6840 21 0.0010680
 541.08 0.82106 25 1.6750 21 0.0010680
 541.22 0.95383 24 1.6660 21 0.0010680
 541.38 1.1202 23 1.6570 21 0.0010680
 541.58 1.3205 22 1.6480 21 0.0010680
 541.82 1.5551 21 1.6390 21 0.0010680
 542.09 1.8241 20 1.6300 21 0.0010680
 542.39 2.1280 19 1.6210 21 0.0010680
 542.73 2.4670 18 1.6120 21 0.0010680
 543.11 2.8414 17 1.6030 21 0.0010680
 543.52 3.2516 16 1.5940 21 0.0010680
 543.96 3.6979 15 1.5850 21 0.0010680
 544.44 4.1806 14 1.5760 21 0.0010680
 544.96 4.7001 13 1.5670 21 0.0010680
 545.52 5.2566 12 1.5580 21 0.0010680
 546.11 5.8506 11 1.5490 21 0.0010680
 546.75 6.4824 10 1.5400 21 0.0010680
 547.42 7.1523 9 1.5310 21 0.0010680
 548.12 7.8607 8 1.5220 21 0.0010680
 548.87 8.6080 7 1.5130 21 0.0010680
 549.66 9.3945 6 1.5040 21 0.0010680
 550.48 10.221 5 1.4950 21 0.0010680
 551.35 11.087 4 1.4860 21 0.0010680
 552.26 11.993 3 1.4770 21 0.0010680
 553.20 12.941 2 1.4680 21 0.0010680
 554.19 13.929 1 1.4590 21 0.0010680
 555.22 14.960 0 1.4500 21 0.0010680
 555.94 15.671 0 1.4500 22 0.0010760
 554.88 14.620 1 1.4590 22 0.0010760
 553.87 13.610 2 1.4680 22 0.0010760
 552.91 12.642 3 1.4770 22 0.0010760
 551.98 11.716 4 1.4860 22 0.0010760
 551.09 10.829 5 1.4950 22 0.0010760
 550.25 9.9837 6 1.5040 22 0.0010760
 549.44 9.1778 7 1.5130 22 0.0010760
 548.68 8.4115 8 1.5220 22 0.0010760
 547.95 7.6843 9 1.5310 22 0.0010760
 547.26 6.9960 10 1.5400 22 0.0010760
 546.61 6.3460 11 1.5490 22 0.0010760
 546.00 5.7342 12 1.5580 22 0.0010760
 545.42 5.1601 13 1.5670 22 0.0010760
 544.89 4.6234 14 1.5760 22 0.0010760
 544.39 4.1237 15 1.5850 22 0.0010760
 543.92 3.6607 16 1.5940 22 0.0010760
 543.50 3.2341 17 1.6030 22 0.0010760
 543.11 2.8435 18 1.6120 22 0.0010760
 542.75 2.4886 19 1.6210 22 0.0010760
 542.43 2.1692 20 1.6300 22 0.0010760
 542.15 1.8848 21 1.6390 22 0.0010760
 541.90 1.6352 22 1.6480 22 0.0010760
 541.68 1.4201 23 1.6570 22 0.0010760
 541.50 1.2392 24 1.6660 22 0.0010760
 541.36 1.0921 25 1.6750 22 0.0010760
 541.24 0.97872 26 1.6840 22 0.0010760
 541.16 0.89863 27 1.6930 22 0.0010760
 541.12 0.85158 28 1.7020 22 0.0010760
 541.10 0.83730 29 1.7110 22 0.0010760
 541.12 0.85552 30 1.7200 22 0.0010760
 541.17 0.90599 31 1.7290 22 0.0010760
 541.25 0.98844 32 1.7380 22 0.0010760
 541.37 1.1026 33 1.7470 22 0.0010760
 541.51 1.2482 34 1.7560 22 0.0010760
 541.69 1.4251 35 1.7650 22 0.0010760
 541.90 1.6330 36 1.7740 22 0.0010760
 542.14 1.8716 37 1.7830 22 0.0010760
 542.40 2.1407 38 1.7920 22 0.0010760
 542.70 2.4400 39 1.8010 22 0.0010760
 543.03 2.7695 40 1.8100 22 0.0010760
 543.39 3.1287 41 1.8190 22 0.0010760
 543.78 3.5176 42 1.8280 22 0.0010760
 544.20 3.9359 43 1.8370 22 0.0010760
 544.65 4.3833 44 1.8460 22 0.0010760
 545.12 4.8597 45 1.8550 22 0.0010760
 545.63 5.3649 46 1.8640 22 0.0010760
 546.16 5.8987 47 1.8730 22 0.0010760
 546.72 6.4603 48 1.8820 22 0.0010760
 547.31 7.0495 49 1.8910 22 0.0010760
 547.93 7.6661 50 1.9000 22 0.0010760
 547.96 7.6984 50 1.9000 23 0.0010840
 547.35 7.0898 49 1.8910 23 0.0010840
 546.77 6.5089 48 1.8820 23 0.0010840
 546.22 5.9558 47 1.8730 23 0.0010840
 545.69 5.4310 46 1.8640 23 0.0010840
 545.20 4.9350 45 1.8550 23 0.0010840
 544.73 4.4680 44 1.8460 23 0.0010840
 544.29 4.0303 43 1.8370 23 0.0010840
 543.89 3.6219 42 1.8280 23 0.0010840
 543.51 3.2431 41 1.8190 23 0.0010840
 543.16 2.8942 40 1.8100 23 0.0010840
 542.84 2.5753 39 1.8010 23 0.0010840
 542.55 2.2868 38 1.7920 23 0.0010840
 542.29 2.0287 37 1.7830 23 0.0010840
 542.07 1.8014 36 1.7740 23 0.0010840
 541.87 1.6051 35 1.7650 23 0.0010840
 541.70 1.4400 34 1.7560 23 0.0010840
 541.57 1.3063 33 1.7470 23 0.0010840
 541.47 1.2044 32 1.7380 23 0.0010840
 541.40 1.1344 31 1.7290 23 0.0010840
 541.36 1.0967 30 1.7200 23 0.0010840
 541.36 1.0914 29 1.7110 23 0.0010840
 541.38 1.1190 28 1.7020 23 0.0010840
 541.44 1.1795 27 1.6930 23 0.0010840
 541.54 1.2733 26 1.6840 23 0.0010840
 541.66 1.4008 25 1.6750 23 0.0010840
 541.83 1.5621 24 1.6660 23 0.0010840
 542.02 1.7575 23 1.6570 23 0.0010840
 542.25 1.9874 22 1.6480 23 0.0010840
 542.52 2.2520 21 1.6390 23 0.0010840
 542.82 2.5517 20 1.6300 23 0.0010840
 543.15 2.8868 19 1.6210 23 0.0010840
 543.52 3.2575 18 1.6120 23 0.0010840
 543.93 3.6643 17 1.6030 23 0.0010840
 544.37 4.1073 16 1.5940 23 0.0010840
 544.85 4.5870 15 1.5850 23 0.0010840
 545.37 5.1037 14 1.5760 23 0.0010840
 545.92 5.6577 13 1.5670 23 0.0010840
 546.51 6.2494 12 1.5580 23 0.0010840
 547.14 6.8790 11 1.5490 23 0.0010840
 547.81 7.5471 10 1.5400 23 0.0010840
 548.52 8.2539 9 1.5310 23 0.0010840
 549.26 8.9998 8 1.5220 23 0.0010840
 550.05 9.7851 7 1.5130 23 0.0010840
 550.87 10.610 6 1.5040 23 0.0010840
 551.74 11.476 5 1.4950 23 0.0010840
 552.65 12.382 4 1.4860 23 0.0010840
 553.59 13.329 3 1.4770 23 0.0010840
 554.58 14.318 2 1.4680 23 0.0010840
 555.61 15.348 1 1.4590 23 0.0010840
 556.68 16.421 0 1.4500 23 0.0010840
 557.47 17.207 0 1.4500 24 0.0010920
 556.38 16.113 1 1.4590 24 0.0010920
 555.33 15.062 2 1.4680 24 0.0010920
 554.32 14.053 3 1.4770 24 0.0010920
 553.35 13.085 4 1.4860 24 0.0010920
 552.42 12.159 5 1.4950 24 0.0010920
 551.54 11.274 6 1.5040 24 0.0010920
 550.69 10.430 7 1.5130 24 0.0010920
 549.89 9.6251 8 1.5220 24 0.0010920
 549.12 8.8605 9 1.5310 24 0.0010920
 548.40 8.1352 10 1.5400 24 0.0010920
 547.71 7.4490 11 1.5490 24 0.0010920
 547.07 6.8015 12 1.5580 24 0.0010920
 546.46 6.1923 13 1.5670 24 0.0010920
 545.88 5.6210 14 1.5760 24 0.0010920
 545.35 5.0873 15 1.5850 24 0.0010920
 544.85 4.5909 16 1.5940 24 0.0010920
 544.40 4.1315 17 1.6030 24 0.0010920
 543.97 3.7086 18 1.6120 24 0.0010920
 543.59 3.3220 19 1.6210 24 0.0010920
 543.24 2.9713 20 1.6300 24 0.0010920
 542.92 2.6563 21 1.6390 24 0.0010920
 542.64 2.3766 22 1.6480 24 0.0010920
 542.40 2.1319 23 1.6570 24 0.0010920
 542.19 1.9219 24 1.6660 24 0.0010920
 542.01 1.7464 25 1.6750 24 0.0010920
 541.87 1.6050 26 1.6840 24 0.0010920
 541.76 1.4974 27 1.6930 24 0.0010920
 541.69 1.4233 28 1.7020 24 0.0010920
 541.65 1.3826 29 1.7110 24 0.0010920
 541.64 1.3748 30 1.7200 24 0.0010920
 541.66 1.3998 31 1.7290 24 0.0010920
 541.72 1.4573 32 1.7380 24 0.0010920
 541.81 1.5470 33 1.7470 24 0.0010920
 541.93 1.6686 34 1.7560 24 0.0010920
 542.09 1.8220 35 1.7650 24 0.0010920
 542.27 2.0068 36 1.7740 24 0.0010920
 542.49 2.2228 37 1.7830 24 0.0010920
 542.73 2.4699 38 1.7920 24 0.0010920
 543.01 2.7476 39 1.8010 24 0.0010920
 543.32 3.0559 40 1.8100 24 0.0010920
 543.66 3.3945 41 1.8190 24 0.0010920
 544.03 3.7631 42 1.8280 24 0.0010920
 544.43 4.1616 43 1.8370 24 0.0010920
 544.85 4.5898 44 1.8460 24 0.0010920
 545.31 5.0473 45 1.8550 24 0.0010920
 545.80 5.5341 46 1.8640 24 0.0010920
 546.31 6.0499 47 1.8730 24 0.0010920
 546.86 6.5944 48 1.8820 24 0.0010920
 547.43 7.1670 49 1.8910 24 0.0010920
 548.03 7.7675 50 1.9000 24 0.0010920
 548.14 7.8729 50 1.9000 25 0.0011000
 547.54 7.2805 49 1.8910 25 0.0011000
 546.98 6.7162 48 1.8820 25 0.0011000
 546.44 6.1804 47 1.8730 25 0.0011000
 545.94 5.6736 46 1.8640 25 0.0011000
 545.46 5.1960 45 1.8550 25 0.0011000
 545.01 4.7479 44 1.8460 25 0.0011000
 544.59 4.3294 43 1.8370 25 0.0011000
 544.20 3.9408 42 1.8280 25 0.0011000
 543.85 3.5823 41 1.8190 25 0.0011000
 543.52 3.2541 40 1.8100 25 0.0011000
 543.22 2.9564 39 1.8010 25 0.0011000
 542.95 2.6894 38 1.7920 25 0.0011000
 542.72 2.4534 37 1.7830 25 0.0011000
 542.51 2.2487 36 1.7740 25 0.0011000
 542.34 2.0754 35 1.7650 25 0.0011000
 542.20 1.9338 34 1.7560 25 0.0011000
 542.09 1.8241 33 1.7470 25 0.0011000
 542.01 1.7467 32 1.7380 25 0.0011000
 541.97 1.7017 31 1.7290 25 0.0011000
 541.95 1.6895 30 1.7200 25 0.0011000
 541.97 1.7102 29 1.7110 25 0.0011000
 542.03 1.7642 28 1.7020 25 0.0011000
 542.12 1.8517 27 1.6930 25 0.0011000
 542.24 1.9730 26 1.6840 25 0.0011000
 542.39 2.1285 25 1.6750 25 0.0011000
 542.58 2.3183 24 1.6660 25 0.0011000
 542.81 2.5428 23 1.6570 25 0.0011000
 543.07 2.8023 22 1.6480 25 0.0011000
 543.36 3.0970 21 1.6390 25 0.0011000
 543.69 3.4274 20 1.6300 25 0.0011000
 544.06 3.7936 19 1.6210 25 0.0011000
 544.46 4.1961 18 1.6120 25 0.0011000
 544.90 4.6351 17 1.6030 25 0.0011000
 545.37 5.1110 16 1.5940 25 0.0011000
 545.89 5.6241 15 1.5850 25 0.0011000
 546.44 6.1748 14 1.5760 25 0.0011000
 547.03 6.7633 13 1.5670 25 0.0011000
 547.65 7.3901 12 1.5580 25 0.0011000
 548.32 8.0555 11 1.5490 25 0.0011000
 549.02 8.7598 10 1.5400 25 0.0011000
 549.77 9.5035 9 1.5310 25 0.0011000
 550.55 10.287 8 1.5220 25 0.0011000
 551.37 11.110 7 1.5130 25 0.0011000
 552.24 11.974 6 1.5040 25 0.0011000
 553.14 12.879 5 1.4950 25 0.0011000
 554.09 13.825 4 1.4860 25 0.0011000
 555.08 14.813 3 1.4770 25 0.0011000
 556.11 15.842 2 1.4680 25 0.0011000
 557.18 16.915 1 1.4590 25 0.0011000
 558.29 18.030 0 1.4500 25 0.0011000
 559.15 18.889 0 1.4500 26 0.0011080
 558.02 17.752 1 1.4590 26 0.0011080
 556.92 16.659 2 1.4680 26 0.0011080
 555.87 15.609 3 1.4770 26 0.0011080
 554.86 14.601 4 1.4860 26 0.0011080
 553.90 13.635 5 1.4950 26 0.0011080
 552.97 12.710 6 1.5040 26 0.0011080
 552.09 11.827 7 1.5130 26 0.0011080
 551.25 10.985 8 1.5220 26 0.0011080
 550.45 10.182 9 1.5310 26 0.0011080
 549.68 9.4203 10 1.5400 26 0.0011080
 548.96 8.6979 11 1.5490 26 0.0011080
 548.28 8.0146 12 1.5580 26 0.0011080
 547.63 7.3703 13 1.5670 26 0.0011080
 547.03 6.7644 14 1.5760 26 0.0011080
 546.46 6.1968 15 1.5850 26 0.0011080
 545.93 5.6670 16 1.5940 26 0.0011080
 545.44 5.1747 17 1.6030 26 0.0011080
 544.98 4.7195 18 1.6120 26 0.0011080
 544.57 4.3012 19 1.6210 26 0.0011080
 544.18 3.9193 20 1.6300 26 0.0011080
 543.84 3.5737 21 1.6390 26 0.0011080
 543.53 3.2638 22 1.6480 26 0.0011080
 543.25 2.9896 23 1.6570 26 0.0011080
 543.01 2.7506 24 1.6660 26 0.0011080
 542.81 2.5465 25 1.6750 26 0.0011080
 542.64 2.3770 26 1.6840 26 0.0011080
 542.51 2.2420 27 1.6930 26 0.0011080
 542.40 2.1409 28 1.7020 26 0.0011080
 542.34 2.0737 29 1.7110 26 0.0011080
 542.30 2.0400 30 1.7200 26 0.0011080
 542.30 2.0395 31 1.7290 26 0.0011080
 542.34 2.0720 32 1.7380 26 0.0011080
 542.40 2.1372 33 1.7470 26 0.0011080
 542.50 2.2349 34 1.7560 26 0.0011080
 542.63 2.3647 35 1.7650 26 0.0011080
 542.79 2.5265 36 1.7740 26 0.0011080
 542.98 2.7200 37 1.7830 26 0.0011080
 543.21 2.9449 38 1.7920 26 0.0011080
 543.46 3.2010 39 1.8010 26 0.0011080
 543.75 3.4882 40 1.8100 26 0.0011080
 544.07 3.8061 41 1.8190 26 0.0011080
 544.42 4.1545 42 1.8280 26 0.0011080
 544.80 4.5332 43 1.8370 26 0.0011080
 545.21 4.9420 44 1.8460 26 0.0011080
 545.64 5.3807 45 1.8550 26 0.0011080
 546.11 5.8490 46 1.8640 26 0.0011080
 546.61 6.3468 47 1.8730 26 0.0011080
 547.14 6.8739 48 1.8820 26 0.0011080
 547.69 7.4299 49 1.8910 26 0.0011080
 548.28 8.0142 50 1.9000 26 0.0011080
 548.45 8.1907 50 1.9000 27 0.0011160
 547.88 7.6145 49 1.8910 27 0.0011160
 547.33 7.0670 48 1.8820 27 0.0011160
 546.81 6.5487 47 1.8730 27 0.0011160
 546.32 6.0599 46 1.8640 27 0.0011160
 545.86 5.6007 45 1.8550 27 0.0011160
 545.44 5.1715 44 1.8460 27 0.0011160
 545.04 4.7723 43 1.8370 27 0.0011160
 544.67 4.4035 42 1.8280 27 0.0011160
 544.33 4.0652 41 1.8190 27 0.0011160
 544.02 3.7577 40 1.8100 27 0.0011160
 543.74 3.4811 39 1.8010 27 0.0011160
 543.50 3.2358 38 1.7920 27 0.0011160
 543.29 3.0219 37 1.7830 27 0.0011160
 543.10 2.8397 36 1.7740 27 0.0011160
 542.95 2.6894 35 1.7650 27 0.0011160
 542.84 2.5714 34 1.7560 27 0.0011160
 542.75 2.4857 33 1.7470 27 0.0011160
 542.70 2.4328 32 1.7380 27 0.0011160
 542.68 2.4128 31 1.7290 27 0.0011160
 542.69 2.4260 30 1.7200 27 0.0011160
 542.74 2.4727 29 1.7110 27 0.0011160
 542.82 2.5531 28 1.7020 27 0.0011160
 542.93 2.6676 27 1.6930 27 0.0011160
 543.08 2.8165 26 1.6840 27 0.0011160
 543.26 2.9999 25 1.6750 27 0.0011160
 543.48 3.2183 24 1.6660 27 0.0011160
 543.74 3.4718 23 1.6570 27 0.0011160
 544.02 3.7609 22 1.6480 27 0.0011160
 544.35 4.0857 21 1.6390 27 0.0011160
 544.71 4.4467 20 1.6300 27 0.0011160
 545.11 4.8442 19 1.6210 27 0.0011160
 545.54 5.2784 18 1.6120 27 0.0011160
 546.01 5.7497 17 1.6030 27 0.0011160
 546.52 6.2584 16 1.5940 27 0.0011160
 547.07 6.8049 15 1.5850 27 0.0011160
 547.65 7.3896 14 1.5760 27 0.0011160
 548.28 8.0127 13 1.5670 27 0.0011160
 548.94 8.6746 12 1.5580 27 0.0011160
 549.64 9.3757 11 1.5490 27 0.0011160
 550.38 10.116 10 1.5400 27 0.0011160
 551.16 10.897 9 1.5310 27 0.0011160
 551.98 11.718 8 1.5220 27 0.0011160
 552.84 12.579 7 1.5130 27 0.0011160
 553.75 13.482 6 1.5040 27 0.0011160
 554.69 14.426 5 1.4950 27 0.0011160
 555.68 15.412 4 1.4860 27 0.0011160
 556.70 16.440 3 1.4770 27 0.0011160
 557.77 17.511 2 1.4680 27 0.0011160
 558.89 18.625 1 1.4590 27 0.0011160
 560.05 19.783 0 1.4500 27 0.0011160
 560.98 20.712 0 1.4500 28 0.0011240
 559.80 19.533 1 1.4590 28 0.0011240
 558.66 18.398 2 1.4680 28 0.0011240
 557.57 17.307 3 1.4770 28 0.0011240
 556.52 16.258 4 1.4860 28 0.0011240
 555.52 15.252 5 1.4950 28 0.0011240
 554.55 14.288 6 1.5040 28 0.0011240
 553.63 13.366 7 1.5130 28 0.0011240
 552.75 12.486 8 1.5220 28 0.0011240
 551.91 11.646 9 1.5310 28 0.0011240
 551.11 10.847 10 1.5400 28 0.0011240
 550.35 10.088 11 1.5490 28 0.0011240
 549.63 9.3694 12 1.5580 28 0.0011240
 548.95 8.6900 13 1.5670 28 0.0011240
 548.31 8.0496 14 1.5760 28 0.0011240
 547.71 7.4480 15 1.5850 28 0.0011240
 547.15 6.8848 16 1.5940 28 0.0011240
 546.62 6.3596 17 1.6030 28 0.0011240
 546.14 5.8722 18 1.6120 28 0.0011240
 545.69 5.4221 19 1.6210 28 0.0011240
 545.27 5.0090 20 1.6300 28 0.0011240
 544.90 4.6327 21 1.6390 28 0.0011240
 544.56 4.2928 22 1.6480 28 0.0011240
 544.25 3.9889 23 1.6570 28 0.0011240
 543.98 3.7209 24 1.6660 28 0.0011240
 543.75 3.4883 25 1.6750 28 0.0011240
 543.55 3.2908 26 1.6840 28 0.0011240
 543.39 3.1282 27 1.6930 28 0.0011240
 543.26 3.0002 28 1.7020 28 0.0011240
 543.17 2.9065 29 1.7110 28 0.0011240
 543.11 2.8468 30 1.7200 28 0.0011240
 543.08 2.8209 31 1.7290 28 0.0011240
 543.09 2.8284 32 1.7380 28 0.0011240
 543.13 2.8691 33 1.7470 28 0.0011240
 543.21 2.9428 34 1.7560 28 0.0011240
 543.31 3.0491 35 1.7650 28 0.0011240
 543.45 3.1878 36 1.7740 28 0.0011240
 543.62 3.3587 37 1.7830 28 0.0011240
 543.83 3.5616 38 1.7920 28 0.0011240
 544.06 3.7961 39 1.8010 28 0.0011240
 544.33 4.0621 40 1.8100 28 0.0011240
 544.62 4.3593 41 1.8190 28 0.0011240
 544.95 4.6874 42 1.8280 28 0.0011240
 545.31 5.0464 43 1.8370 28 0.0011240
 545.70 5.4359 44 1.8460 28 0.0011240
 546.12 5.8557 45 1.8550 28 0.0011240
 546.57 6.3056 46 1.8640 28 0.0011240
 547.05 6.7854 47 1.8730 28 0.0011240
 547.56 7.2949 48 1.8820 28 0.0011240
 548.10 7.8340 49 1.8910 28 0.0011240
 548.67 8.4020 50 1.9000 28 0.0011240
 548.91 8.6477 50 1.9000 29 0.0011320
 548.35 8.0878 49 1.8910 29 0.0011320
 547.82 7.5573 48 1.8820 29 0.0011320
 547.32 7.0566 47 1.8730 29 0.0011320
 546.85 6.5857 46 1.8640 29 0.0011320
 546.41 6.1450 45 1.8550 29 0.0011320
 546.00 5.7347 44 1.8460 29 0.0011320
 545.62 5.3549 43 1.8370 29 0.0011320
 545.27 5.0058 42 1.8280 29 0.0011320
 544.95 4.6877 41 1.8190 29 0.0011320
 544.66 4.4009 40 1.8100 29 0.0011320
 544.41 4.1455 39 1.8010 29 0.0011320
 544.19 3.9218 38 1.7920 29 0.0011320
 543.99 3.7300 37 1.7830 29 0.0011320
 543.83 3.5704 36 1.7740 29 0.0011320
 543.71 3.4431 35 1.7650 29 0.0011320
 543.61 3.3486 34 1.7560 29 0.0011320
 543.55 3.2869 33 1.7470 29 0.0011320
 543.52 3.2585 32 1.7380 29 0.0011320
 543.53 3.2634 31 1.7290 29 0.0011320
 543.57 3.3021 30 1.7200 29 0.0011320
 543.64 3.3748 29 1.7110 29 0.0011320
 543.75 3.4818 28 1.7020 29 0.0011320
 543.89 3.6232 27 1.6930 29 0.0011320
 544.06 3.7996 26 1.6840 29 0.0011320
 544.27 4.0110 25 1.6750 29 0.0011320
 544.52 4.2579 24 1.6660 29 0.0011320
 544.80 4.5405 23 1.6570 29 0.0011320
 545.12 4.8591 22 1.6480 29 0.0011320
 545.48 5.2141 21 1.6390 29 0.0011320
 545.87 5.6058 20 1.6300 29 0.0011320
 546.30 6.0344 19 1.6210 29 0.0011320
 546.76 6.5004 18 1.6120 29 0.0011320
 547.27 7.0040 17 1.6030 29 0.0011320
 547.81 7.5456 16 1.5940 29 0.0011320
 548.39 8.1255 15 1.5850 29 0.0011320
 549.01 8.7441 14 1.5760 29 0.0011320
 549.67 9.4017 13 1.5670 29 0.0011320
 550.36 10.099 12 1.5580 29 0.0011320
 551.10 10.836 11 1.5490 29 0.0011320
 551.88 11.612 10 1.5400 29 0.0011320
 552.69 12.430 9 1.5310 29 0.0011320
 553.55 13.288 8 1.5220 29 0.0011320
 554.45 14.188 7 1.5130 29 0.0011320
 555.39 15.129 6 1.5040 29 0.0011320
 556.38 16.113 5 1.4950 29 0.0011320
 557.40 17.138 4 1.4860 29 0.0011320
 558.47 18.207 3 1.4770 29 0.0011320
 559.58 19.319 2 1.4680 29 0.0011320
 560.74 20.475 1 1.4590 29 0.0011320
 561.94 21.675 0 1.4500 29 0.0011320
 562.94 22.673 0 1.4500 30 0.0011400
 561.72 21.452 1 1.4590 30 0.0011400
 560.54 20.275 2 1.4680 30 0.0011400
 559.41 19.142 3 1.4770 30 0.0011400
 558.32 18.053 4 1.4860 30 0.0011400
 557.27 17.007 5 1.4950 30 0.0011400
 556.27 16.004 6 1.5040 30 0.0011400
 555.31 15.043 7 1.5130 30 0.0011400
 554.39 14.125 8 1.5220 30 0.0011400
 553.51 13.248 9 1.5310 30 0.0011400
 552.68 12.412 10 1.5400 30 0.0011400
 551.88 11.617 11 1.5490 30 0.0011400
 551.13 10.862 12 1.5580 30 0.0011400
 550.41 10.147 13 1.5670 30 0.0011400
 549.74 9.4725 14 1.5760 30 0.0011400
 549.10 8.8369 15 1.5850 30 0.0011400
 548.50 8.2403 16 1.5940 30 0.0011400
 547.95 7.6823 17 1.6030 30 0.0011400
 547.43 7.1625 18 1.6120 30 0.0011400
 546.94 6.6807 19 1.6210 30 0.0011400
 546.50 6.2365 20 1.6300 30 0.0011400
 546.09 5.8295 21 1.6390 30 0.0011400
 545.72 5.4594 22 1.6480 30 0.0011400
 545.39 5.1260 23 1.6570 30 0.0011400
 545.09 4.8289 24 1.6660 30 0.0011400
 544.83 4.5677 25 1.6750 30 0.0011400
 544.61 4.3423 26 1.6840 30 0.0011400
 544.42 4.1522 27 1.6930 30 0.0011400
 544.26 3.9972 28 1.7020 30 0.0011400
 544.14 3.8770 29 1.7110 30 0.0011400
 544.06 3.7914 30 1.7200 30 0.0011400
 544.00 3.7399 31 1.7290 30 0.0011400
 543.99 3.7225 32 1.7380 30 0.0011400
 544.00 3.7387 33 1.7470 30 0.0011400
 544.05 3.7883 34 1.7560 30 0.0011400
 544.13 3.8711 35 1.7650 30 0.0011400
 544.25 3.9868 36 1.7740 30 0.0011400
 544.40 4.1352 37 1.7830 30 0.0011400
 544.58 4.3159 38 1.7920 30 0.0011400
 544.79 4.5288 39 1.8010 30 0.0011400
 545.04 4.7737 40 1.8100 30 0.0011400
 545.31 5.0502 41 1.8190 30 0.0011400
 545.62 5.3581 42 1.8280 30 0.0011400
 545.96 5.6973 43 1.8370 30 0.0011400
 546.33 6.0674 44 1.8460 30 0.0011400
 546.73 6.4683 45 1.8550 30 0.0011400
 547.16 6.8998 46 1.8640 30 0.0011400
 547.63 7.3617 47 1.8730 30 0.0011400
 548.12 7.8536 48 1.8820 30 0.0011400
 548.64 8.3755 49 1.8910 30 0.0011400
 549.19 8.9272 50 1.9000 30 0.0011400
 549.50 9.2401 50 1.9000 31 0.0011480
 548.96 8.6968 49 1.8910 31 0.0011480
 548.45 8.1834 48 1.8820 31 0.0011480
 547.96 7.7002 47 1.8730 31 0.0011480
 547.51 7.2474 46 1.8640 31 0.0011480
 547.09 6.8251 45 1.8550 31 0.0011480
 546.70 6.4336 44 1.8460 31 0.0011480
 546.34 6.0731 43 1.8370 31 0.0011480
 546.01 5.7438 42 1.8280 31 0.0011480
 545.71 5.4460 41 1.8190 31 0.0011480
 545.44 5.1799 40 1.8100 31 0.0011480
 545.21 4.9456 39 1.8010 31 0.0011480
 545.01 4.7435 38 1.7920 31 0.0011480
 544.84 4.5738 37 1.7830 31 0.0011480
 544.70 4.4368 36 1.7740 31 0.0011480
 544.60 4.3326 35 1.7650 31 0.0011480
 544.53 4.2616 34 1.7560 31 0.0011480
 544.49 4.2239 33 1.7470 31 0.0011480
 544.48 4.2200 32 1.7380 31 0.0011480
 544.51 4.2499 31 1.7290 31 0.0011480
 544.58 4.3141 30 1.7200 31 0.0011480
 544.68 4.4127 29 1.7110 31 0.0011480
 544.81 4.5462 28 1.7020 31 0.0011480
 544.98 4.7146 27 1.6930 31 0.0011480
 545.18 4.9185 26 1.6840 31 0.0011480
 545.42 5.1579 25 1.6750 31 0.0011480
 545.70 5.4333 24 1.6660 31 0.0011480
 546.01 5.7450 23 1.6570 31 0.0011480
 546.36 6.0932 22 1.6480 31 0.0011480
 546.74 6.4783 21 1.6390 31 0.0011480
 547.16 6.9006 20 1.6300 31 0.0011480
 547.62 7.3604 19 1.6210 31 0.0011480
 548.12 7.8581 18 1.6120 31 0.0011480
 548.66 8.3940 17 1.6030 31 0.0011480
 549.23 8.9685 16 1.5940 31 0.0011480
 549.85 9.5818 15 1.5850 31 0.0011480
 550.50 10.234 14 1.5760 31 0.0011480
 551.19 10.927 13 1.5670 31 0.0011480
 551.92 11.659 12 1.5580 31 0.0011480
 552.70 12.431 11 1.5490 31 0.0011480
 553.51 13.244 10 1.5400 31 0.0011480
 554.36 14.099 9 1.5310 31 0.0011480
 555.26 14.995 8 1.5220 31 0.0011480
 556.20 15.932 7 1.5130 31 0.0011480
 557.18 16.912 6 1.5040 31 0.0011480
 558.20 17.935 5 1.4950 31 0.0011480
 559.26 19.001 4 1.4860 31 0.0011480
 560.37 20.110 3 1.4770 31 0.0011480
 561.53 21.264 2 1.4680 31 0.0011480
 562.73 22.461 1 1.4590 31 0.0011480
 563.97 23.704 0 1.4500 31 0.0011480
 565.03 24.768 0 1.4500 32 0.0011560
 563.77 23.504 1 1.4590 32 0.0011560
 562.55 22.285 2 1.4680 32 0.0011560
 561.38 21.111 3 1.4770 32 0.0011560
 560.25 19.982 4 1.4860 32 0.0011560
 559.16 18.896 5 1.4950 32 0.0011560
 558.12 17.854 6 1.5040 32 0.0011560
 557.12 16.854 7 1.5130 32 0.0011560
 556.16 15.897 8 1.5220 32 0.0011560
 555.25 14.983 9 1.5310 32 0.0011560
 554.37 14.110 10 1.5400 32 0.0011560
 553.54 13.279 11 1.5490 32 0.0011560
 552.75 12.488 12 1.5580 32 0.0011560
 552.00 11.739 13 1.5670 32 0.0011560
 551.29 11.029 14 1.5760 32 0.0011560
 550.62 10.360 15 1.5850 32 0.0011560
 549.99 9.7297 16 1.5940 32 0.0011560
 549.40 9.1388 17 1.6030 32 0.0011560
 548.85 8.5868 18 1.6120 32 0.0011560
 548.34 8.0732 19 1.6210 32 0.0011560
 547.86 7.5978 20 1.6300 32 0.0011560
 547.42 7.1601 21 1.6390 32 0.0011560
 547.02 6.7600 22 1.6480 32 0.0011560
 546.66 6.3970 23 1.6570 32 0.0011560
 546.33 6.0708 24 1.6660 32 0.0011560
 546.04 5.7811 25 1.6750 32 0.0011560
 545.79 5.5276 26 1.6840 32 0.0011560
 545.57 5.3101 27 1.6930 32 0.0011560
 545.39 5.1281 28 1.7020 32 0.0011560
 545.25 4.9814 29 1.7110 32 0.0011560
 545.13 4.8698 30 1.7200 32 0.0011560
 545.06 4.7929 31 1.7290 32 0.0011560
 545.01 4.7504 32 1.7380 32 0.0011560
 545.01 4.7422 33 1.7470 32 0.0011560
 545.03 4.7678 34 1.7560 32 0.0011560
 545.09 4.8271 35 1.7650 32 0.0011560
 545.18 4.9197 36 1.7740 32 0.0011560
 545.31 5.0455 37 1.7830 32 0.0011560
 545.47 5.2042 38 1.7920 32 0.0011560
 545.66 5.3954 39 1.8010 32 0.0011560
 545.88 5.6191 40 1.8100 32 0.0011560
 546.14 5.8749 41 1.8190 32 0.0011560
 546.43 6.1626 42 1.8280 32 0.0011560
 546.75 6.4820 43 1.8370 32 0.0011560
 547.10 6.8328 44 1.8460 32 0.0011560
 547.48 7.2149 45 1.8550 32 0.0011560
 547.89 7.6279 46 1.8640 32 0.0011560
 548.34 8.0718 47 1.8730 32 0.0011560
 548.81 8.5462 48 1.8820 32 0.0011560
 549.31 9.0510 49 1.8910 32 0.0011560
 549.85 9.5859 50 1.9000 32 0.0011560
 550.23 9.9643 50 1.9000 33 0.0011640
 549.70 9.4377 49 1.8910 33 0.0011640
 549.21 8.9415 48 1.8820 33 0.0011640
 548.74 8.4758 47 1.8730 33 0.0011640
 548.30 8.0410 46 1.8640 33 0.0011640
 547.90 7.6372 45 1.8550 33 0.0011640
 547.53 7.2645 44 1.8460 33 0.0011640
 547.19 6.9234 43 1.8370 33 0.0011640
 546.88 6.6139 42 1.8280 33 0.0011640
 546.60 6.3363 41 1.8190 33 0.0011640
 546.35 6.0909 40 1.8100 33 0.0011640
 546.14 5.8778 39 1.8010 33 0.0011640
 545.96 5.6973 38 1.7920 33 0.0011640
 545.81 5.5497 37 1.7830 33 0.0011640
 545.70 5.4352 36 1.7740 33 0.0011640
 545.62 5.3541 35 1.7650 33 0.0011640
 545.57 5.3066 34 1.7560 33 0.0011640
 545.56 5.2929 33 1.7470 33 0.0011640
 545.58 5.3135 32 1.7380 33 0.0011640
 545.63 5.3684 31 1.7290 33 0.0011640
 545.72 5.4581 30 1.7200 33 0.0011640
 545.85 5.5827 29 1.7110 33 0.0011640
 546.01 5.7426 28 1.7020 33 0.0011640
 546.20 5.9381 27 1.6930 33 0.0011640
 546.43 6.1694 26 1.6840 33 0.0011640
 546.70 6.4368 25 1.6750 33 0.0011640
 547.00 6.7408 24 1.6660 33 0.0011640
 547.35 7.0815 23 1.6570 33 0.0011640
 547.72 7.4593 22 1.6480 33 0.0011640
 548.14 7.8745 21 1.6390 33 0.0011640
 548.59 8.3275 20 1.6300 33 0.0011640
 549.08 8.8185 19 1.6210 33 0.0011640
 549.61 9.3479 18 1.6120 33 0.0011640
 550.18 9.9161 17 1.6030 33 0.0011640
 550.79 10.523 16 1.5940 33 0.0011640
 551.43 11.170 15 1.5850 33 0.0011640
 552.12 11.857 14 1.5760 33 0.0011640
 552.85 12.583 13 1.5670 33 0.0011640
 553.61 13.351 12 1.5580 33 0.0011640
 554.42 14.159 11 1.5490 33 0.0011640
 555.27 15.008 10 1.5400 33 0.0011640
 556.16 15.900 9 1.5310 33 0.0011640
 557.10 16.833 8 1.5220 33 0.0011640
 558.07 17.809 7 1.5130 33 0.0011640
 559.09 18.827 6 1.5040 33 0.0011640
 560.15 19.889 5 1.4950 33 0.0011640
 561.26 20.995 4 1.4860 33 0.0011640
 562.41 22.145 3 1.4770 33 0.0011640
 563.60 23.340 2 1.4680 33 0.0011640
 564.84 24.579 1 1.4590 33 0.0011640
 566.13 25.864 0 1.4500 33 0.0011640
 567.26 26.993 0 1.4500 34 0.0011720
 565.95 25.687 1 1.4590 34 0.0011720
 564.69 24.426 2 1.4680 34 0.0011720
 563.47 23.211 3 1.4770 34 0.0011720
 562.30 22.041 4 1.4860 34 0.0011720
 561.18 20.915 5 1.4950 34 0.0011720
 560.10 19.833 6 1.5040 34 0.0011720
 559.06 18.795 7 1.5130 34 0.0011720
 558.06 17.801 8 1.5220 34 0.0011720
 557.11 16.848 9 1.5310 34 0.0011720
 556.20 15.939 10 1.5400 34 0.0011720
 555.34 15.071 11 1.5490 34 0.0011720
 554.51 14.245 12 1.5580 34 0.0011720
 553.72 13.460 13 1.5670 34 0.0011720
 552.98 12.716 14 1.5760 34 0.0011720
 552.28 12.013 15 1.5850 34 0.0011720
 551.61 11.349 16 1.5940 34 0.0011720
 550.99 10.726 17 1.6030 34 0.0011720
 550.41 10.141 18 1.6120 34 0.0011720
 549.86 9.5959 19 1.6210 34 0.0011720
 549.35 9.0893 20 1.6300 34 0.0011720
 548.88 8.6210 21 1.6390 34 0.0011720
 548.45 8.1908 22 1.6480 34 0.0011720
 548.06 7.7982 23 1.6570 34 0.0011720
 547.71 7.4429 24 1.6660 34 0.0011720
 547.39 7.1247 25 1.6750 34 0.0011720
 547.11 6.8432 26 1.6840 34 0.0011720
 546.86 6.5982 27 1.6930 34 0.0011720
 546.65 6.3892 28 1.7020 34 0.0011720
 546.48 6.2161 29 1.7110 34 0.0011720
 546.34 6.0784 30 1.7200 34 0.0011720
 546.24 5.9760 31 1.7290 34 0.0011720
 546.17 5.9086 32 1.7380 34 0.0011720
 546.14 5.8758 33 1.7470 34 0.0011720
 546.14 5.8775 34 1.7560 34 0.0011720
 546.18 5.9132 35 1.7650 34 0.0011720
 546.25 5.9828 36 1.7740 34 0.0011720
 546.35 6.0860 37 1.7830 34 0.0011720
 546.49 6.2226 38 1.7920 34 0.0011720
 546.66 6.3922 39 1.8010 34 0.0011720
 546.86 6.5947 40 1.8100 34 0.0011720
 547.09 6.8298 41 1.8190 34 0.0011720
 547.36 7.0973 42 1.8280 34 0.0011720
 547.66 7.3969 43 1.8370 34 0.0011720
 547.99 7.7284 44 1.8460 34 0.0011720
 548.36 8.0916 45 1.8550 34 0.0011720
 548.75 8.4862 46 1.8640 34 0.0011720
 549.18 8.9120 47 1.8730 34 0.0011720
 549.63 9.3689 48 1.8820 34 0.0011720
 550.12 9.8566 49 1.8910 34 0.0011720
 550.64 10.375 50 1.9000 34 0.0011720
 551.08 10.817 50 1.9000 35 0.0011800
 550.57 10.307 49 1.8910 35 0.0011800
 550.09 9.8280 48 1.8820 35 0.0011800
 549.64 9.3799 47 1.8730 35 0.0011800
 549.23 8.9630 46 1.8640 35 0.0011800
 548.84 8.5776 45 1.8550 35 0.0011800
 548.49 8.2239 44 1.8460 35 0.0011800
 548.17 7.9021 43 1.8370 35 0.0011800
 547.88 7.6124 42 1.8280 35 0.0011800
 547.62 7.3550 41 1.8190 35 0.0011800
 547.39 7.1303 40 1.8100 35 0.0011800
 547.20 6.9384 39 1.8010 35 0.0011800
 547.04 6.7795 38 1.7920 35 0.0011800
 546.92 6.6540 37 1.7830 35 0.0011800
 546.83 6.5621 36 1.7740 35 0.0011800
 546.77 6.5040 35 1.7650 35 0.0011800
 546.74 6.4800 34 1.7560 35 0.0011800
 546.75 6.4904 33 1.7470 35 0.0011800
 546.80 6.5354 32 1.7380 35 0.0011800
 546.88 6.6154 31 1.7290 35 0.0011800
 546.99 6.7305 30 1.7200 35 0.0011800
 547.14 6.8811 29 1.7110 35 0.0011800
 547.33 7.0675 28 1.7020 35 0.0011800
 547.55 7.2899 27 1.6930 35 0.0011800
 547.81 7.5488 26 1.6840 35 0.0011800
 548.11 7.8442 25 1.6750 35 0.0011800
 548.44 8.1767 24 1.6660 35 0.0011800
 548.81 8.5465 23 1.6570 35 0.0011800
 549.22 8.9539 22 1.6480 35 0.0011800
 549.66 9.3992 21 1.6390 35 0.0011800
 550.15 9.8828 20 1.6300 35 0.0011800
 550.67 10.405 19 1.6210 35 0.0011800
 551.23 10.966 18 1.6120 35 0.0011800
 551.83 11.567 17 1.6030 35 0.0011800
 552.47 12.207 16 1.5940 35 0.0011800
 553.15 12.887 15 1.5850 35 0.0011800
 553.87 13.608 14 1.5760 35 0.0011800
 554.63 14.369 13 1.5670 35 0.0011800
 555.44 15.171 12 1.5580 35 0.0011800
 556.28 16.015 11 1.5490 35 0.0011800
 557.16 16.901 10 1.5400 35 0.0011800
 558.09 17.829 9 1.5310 35 0.0011800
 559.06 18.800 8 1.5220 35 0.0011800
 560.08 19.814 7 1.5130 35 0.0011800
 561.13 20.871 6 1.5040 35 0.0011800
 562.24 21.972 5 1.4950 35 0.0011800
 563.38 23.118 4 1.4860 35 0.0011800
 564.57 24.309 3 1.4770 35 0.0011800
 565.81 25.544 2 1.4680 35 0.0011800
 567.09 26.826 1 1.4590 35 0.0011800
 568.42 28.154 0 1.4500 35 0.0011800
 569.61 29.346 0 1.4500 36 0.0011880
 568.26 27.996 1 1.4590 36 0.0011880
 566.96 26.694 2 1.4680 36 0.0011880
 565.70 25.437 3 1.4770 36 0.0011880
 564.49 24.227 4 1.4860 36 0.0011880
 563.32 23.061 5 1.4950 36 0.0011880
 562.20 21.940 6 1.5040 36 0.0011880
 561.13 20.863 7 1.5130 36 0.0011880
 560.09 19.830 8 1.5220 36 0.0011880
 559.10 18.841 9 1.5310 36 0.0011880
 558.16 17.894 10 1.5400 36 0.0011880
 557.25 16.990 11 1.5490 36 0.0011880
 556.39 16.129 12 1.5580 36 0.0011880
 555.57 15.309 13 1.5670 36 0.0011880
 554.79 14.530 14 1.5760 36 0.0011880
 554.06 13.793 15 1.5850 36 0.0011880
 553.36 13.096 16 1.5940 36 0.0011880
 552.70 12.439 17 1.6030 36 0.0011880
 552.09 11.822 18 1.6120 36 0.0011880
 551.51 11.245 19 1.6210 36 0.0011880
 550.97 10.708 20 1.6300 36 0.0011880
 550.47 10.209 21 1.6390 36 0.0011880
 550.01 9.7483 22 1.6480 36 0.0011880
 549.59 9.3261 23 1.6570 36 0.0011880
 549.21 8.9418 24 1.6660 36 0.0011880
 548.86 8.5950 25 1.6750 36 0.0011880
 548.55 8.2855 26 1.6840 36 0.0011880
 548.28 8.0130 27 1.6930 36 0.0011880
 548.04 7.7770 28 1.7020 36 0.0011880
 547.84 7.5774 29 1.7110 36 0.0011880
 547.68 7.4138 30 1.7200 36 0.0011880
 547.55 7.2859 31 1.7290 36 0.0011880
 547.46 7.1935 32 1.7380 36 0.0011880
 547.40 7.1362 33 1.7470 36 0.0011880
 547.38 7.1138 34 1.7560 36 0.0011880
 547.39 7.1261 35 1.7650 36 0.0011880
 547.44 7.1726 36 1.7740 36 0.0011880
 547.52 7.2533 37 1.7830 36 0.0011880
 547.63 7.3677 38 1.7920 36 0.0011880
 547.78 7.5158 39 1.8010 36 0.0011880
 547.96 7.6971 40 1.8100 36 0.0011880
 548.18 7.9115 41 1.8190 36 0.0011880
 548.42 8.1587 42 1.8280 36 0.0011880
 548.70 8.4385 43 1.8370 36 0.0011880
 549.01 8.7507 44 1.8460 36 0.0011880
 549.36 9.0950 45 1.8550 36 0.0011880
 549.73 9.4711 46 1.8640 36 0.0011880
 550.14 9.8790 47 1.8730 36 0.0011880
 550.58 10.318 48 1.8820 36 0.0011880
 551.05 10.789 49 1.8910 36 0.0011880
 551.55 11.290 50 1.9000 36 0.0011880
 552.06 11.795 50 1.9000 37 0.0011960
 551.57 11.301 49 1.8910 37 0.0011960
 551.10 10.839 48 1.8820 37 0.0011960
 550.67 10.409 47 1.8730 37 0.0011960
 550.27 10.010 46 1.8640 37 0.0011960
 549.91 9.6431 45 1.8550 37 0.0011960
 549.57 9.3083 44 1.8460 37 0.0011960
 549.27 9.0058 43 1.8370 37 0.0011960
 549.00 8.7359 42 1.8280 37 0.0011960
 548.76 8.4988 41 1.8190 37 0.0011960
 548.56 8.2947 40 1.8100 37 0.0011960
 548.39 8.1240 39 1.8010 37 0.0011960
 548.25 7.9868 38 1.7920 37 0.0011960
 548.15 7.8834 37 1.7830 37 0.0011960
 548.08 7.8140 36 1.7740 37 0.0011960
 548.04 7.7790 35 1.7650 37 0.0011960
 548.04 7.7785 34 1.7560 37 0.0011960
 548.08 7.8129 33 1.7470 37 0.0011960
 548.15 7.8824 32 1.7380 37 0.0011960
 548.25 7.9873 31 1.7290 37 0.0011960
 548.39 8.1279 30 1.7200 37 0.0011960
 548.57 8.3045 29 1.7110 37 0.0011960
 548.78 8.5174 28 1.7020 37 0.0011960
 549.03 8.7668 27 1.6930 37 0.0011960
 549.32 9.0532 26 1.6840 37 0.0011960
 549.64 9.3767 25 1.6750 37 0.0011960
 550.00 9.7377 24 1.6660 37 0.0011960
 550.40 10.136 23 1.6570 37 0.0011960
 550.84 10.573 22 1.6480 37 0.0011960
 551.31 11.049 21 1.6390 37 0.0011960
 551.83 11.563 20 1.6300 37 0.0011960
 552.38 12.117 19 1.6210 37 0.0011960
 552.97 12.710 18 1.6120 37 0.0011960
 553.61 13.342 17 1.6030 37 0.0011960
 554.28 14.015 16 1.5940 37 0.0011960
 554.99 14.729 15 1.5850 37 0.0011960
 555.75 15.483 14 1.5760 37 0.0011960
 556.54 16.279 13 1.5670 37 0.0011960
 557.38 17.117 12 1.5580 37 0.0011960
 558.26 17.996 11 1.5490 37 0.0011960
 559.18 18.918 10 1.5400 37 0.0011960
 560.15 19.883 9 1.5310 37 0.0011960
 561.16 20.892 8 1.5220 37 0.0011960
 562.21 21.944 7 1.5130 37 0.0011960
 563.30 23.040 6 1.5040 37 0.0011960
 564.44 24.180 5 1.4950 37 0.0011960
 565.63 25.366 4 1.4860 37 0.0011960
 566.86 26.597 3 1.4770 37 0.0011960
 568.14 27.874 2 1.4680 37 0.0011960
 569.46 29.198 1 1.4590 37 0.0011960
 570.83 30.569 0 1.4500 37 0.0011960
 572.09 31.822 0 1.4500 38 0.0012040
 570.69 30.430 1 1.4590 38 0.0012040
 569.35 29.085 2 1.4680 38 0.0012040
 568.05 27.787 3 1.4770 38 0.0012040
 566.80 26.536 4 1.4860 38 0.0012040
 565.59 25.330 5 1.4950 38 0.0012040
 564.43 24.170 6 1.5040 38 0.0012040
 563.32 23.054 7 1.5130 38 0.0012040
 562.25 21.983 8 1.5220 38 0.0012040
 561.22 20.956 9 1.5310 38 0.0012040
 560.24 19.973 10 1.5400 38 0.0012040
 559.30 19.033 11 1.5490 38 0.0012040
 558.40 18.135 12 1.5580 38 0.0012040
 557.54 17.280 13 1.5670 38 0.0012040
 556.73 16.467 14 1.5760 38 0.0012040
 555.96 15.696 15 1.5850 38 0.0012040
 555.23 14.965 16 1.5940 38 0.0012040
 554.54 14.276 17 1.6030 38 0.0012040
 553.89 13.627 18 1.6120 38 0.0012040
 553.28 13.018 19 1.6210 38 0.0012040
 552.71 12.449 20 1.6300 38 0.0012040
 552.18 11.920 21 1.6390 38 0.0012040
 551.69 11.429 22 1.6480 38 0.0012040
 551.24 10.977 23 1.6570 38 0.0012040
 550.83 10.564 24 1.6660 38 0.0012040
 550.45 10.189 25 1.6750 38 0.0012040
 550.12 9.8512 26 1.6840 38 0.0012040
 549.81 9.5511 27 1.6930 38 0.0012040
 549.55 9.2882 28 1.7020 38 0.0012040
 549.33 9.0621 29 1.7110 38 0.0012040
 549.14 8.8725 30 1.7200 38 0.0012040
 548.98 8.7191 31 1.7290 38 0.0012040
 548.87 8.6017 32 1.7380 38 0.0012040
 548.78 8.5200 33 1.7470 38 0.0012040
 548.74 8.4736 34 1.7560 38 0.0012040
 548.73 8.4623 35 1.7650 38 0.0012040
 548.75 8.4858 36 1.7740 38 0.0012040
 548.81 8.5438 37 1.7830 38 0.0012040
 548.90 8.6362 38 1.7920 38 0.0012040
 549.03 8.7626 39 1.8010 38 0.0012040
 549.19 8.9228 40 1.8100 38 0.0012040
 549.38 9.1165 41 1.8190 38 0.0012040
 549.61 9.3434 42 1.8280 38 0.0012040
 549.87 9.6034 43 1.8370 38 0.0012040
 550.16 9.8963 44 1.8460 38 0.0012040
 550.49 10.222 45 1.8550 38 0.0012040
 550.84 10.579 46 1.8640 38 0.0012040
 551.23 10.969 47 1.8730 38 0.0012040
 551.65 11.391 48 1.8820 38 0.0012040
 552.11 11.844 49 1.8910 38 0.0012040
 552.59 12.329 50 1.9000 38 0.0012040
 553.16 12.894 50 1.9000 39 0.0012120
 552.68 12.417 49 1.8910 39 0.0012120
 552.24 11.973 48 1.8820 39 0.0012120
 551.82 11.560 47 1.8730 39 0.0012120
 551.44 11.179 46 1.8640 39 0.0012120
 551.09 10.830 45 1.8550 39 0.0012120
 550.78 10.514 44 1.8460 39 0.0012120
 550.49 10.231 43 1.8370 39 0.0012120
 550.24 9.9810 42 1.8280 39 0.0012120
 550.03 9.7642 41 1.8190 39 0.0012120
 549.84 9.5808 40 1.8100 39 0.0012120
 549.70 9.4312 39 1.8010 39 0.0012120
 549.58 9.3157 38 1.7920 39 0.0012120
 549.50 9.2344 37 1.7830 39 0.0012120
 549.45 9.1876 36 1.7740 39 0.0012120
 549.44 9.1756 35 1.7650 39 0.0012120
 549.46 9.1987 34 1.7560 39 0.0012120
 549.52 9.2571 33 1.7470 39 0.0012120
 549.61 9.3511 32 1.7380 39 0.0012120
 549.74 9.4810 31 1.7290 39 0.0012120
 549.91 9.6471 30 1.7200 39 0.0012120
 550.11 9.8497 29 1.7110 39 0.0012120
 550.35 10.089 28 1.7020 39 0.0012120
 550.63 10.365 27 1.6930 39 0.0012120
 550.94 10.679 26 1.6840 39 0.0012120
 551.29 11.031 25 1.6750 39 0.0012120
 551.68 11.420 24 1.6660 39 0.0012120
 552.11 11.848 23 1.6570 39 0.0012120
 552.58 12.315 22 1.6480 39 0.0012120
 553.08 12.820 21 1.6390 39 0.0012120
 553.63 13.365 20 1.6300 39 0.0012120
 554.21 13.950 19 1.6210 39 0.0012120
 554.84 14.575 18 1.6120 39 0.0012120
 555.50 15.240 17 1.6030 39 0.0012120
 556.21 15.945 16 1.5940 39 0.0012120
 556.96 16.692 15 1.5850 39 0.0012120
 557.74 17.481 14 1.5760 39 0.0012120
 558.58 18.311 13 1.5670 39 0.0012120
 559.45 19.184 12 1.5580 39 0.0012120
 560.36 20.099 11 1.5490 39 0.0012120
 561.32 21.058 10 1.5400 39 0.0012120
 562.32 22.060 9 1.5310 39 0.0012120
 563.37 23.105 8 1.5220 39 0.0012120
 564.46 24.195 7 1.5130 39 0.0012120
 565.59 25.330 6 1.5040 39 0.0012120
 566.77 26.510 5 1.4950 39 0.0012120
 568.00 27.736 4 1.4860 39 0.0012120
 569.27 29.007 3 1.4770 39 0.0012120
 570.59 30.326 2 1.4680 39 0.0012120
 571.96 31.692 1 1.4590 39 0.0012120
 573.37 33.106 0 1.4500 39 0.0012120
 574.68 34.419 0 1.4500 40 0.0012200
 573.25 32.984 1 1.4590 40 0.0012200
 571.86 31.596 2 1.4680 40 0.0012200
 570.52 30.257 3 1.4770 40 0.0012200
 569.23 28.965 4 1.4860 40 0.0012200
 567.98 27.720 5 1.4950 40 0.0012200
 566.78 26.520 6 1.5040 40 0.0012200
 565.63 25.366 7 1.5130 40 0.0012200
 564.52 24.257 8 1.5220 40 0.0012200
 563.46 23.192 9 1.5310 40 0.0012200
 562.44 22.172 10 1.5400 40 0.0012200
 561.46 21.195 11 1.5490 40 0.0012200
 560.53 20.262 12 1.5580 40 0.0012200
 559.64 19.372 13 1.5670 40 0.0012200
 558.79 18.524 14 1.5760 40 0.0012200
 557.98 17.719 15 1.5850 40 0.0012200
 557.22 16.955 16 1.5940 40 0.0012200
 556.50 16.233 17 1.6030 40 0.0012200
 555.82 15.552 18 1.6120 40 0.0012200
 555.18 14.911 19 1.6210 40 0.0012200
 554.57 14.311 20 1.6300 40 0.0012200
 554.01 13.751 21 1.6390 40 0.0012200
 553.49 13.230 22 1.6480 40 0.0012200
 553.01 12.749 23 1.6570 40 0.0012200
 552.57 12.306 24 1.6660 40 0.0012200
 552.17 11.902 25 1.6750 40 0.0012200
 551.80 11.537 26 1.6840 40 0.0012200
 551.47 11.209 27 1.6930 40 0.0012200
 551.18 10.919 28 1.7020 40 0.0012200
 550.93 10.667 29 1.7110 40 0.0012200
 550.72 10.451 30 1.7200 40 0.0012200
 550.54 10.272 31 1.7290 40 0.0012200
 550.39 10.130 32 1.7380 40 0.0012200
 550.29 10.024 33 1.7470 40 0.0012200
 550.22 9.9534 34 1.7560 40 0.0012200
 550.18 9.9186 35 1.7650 40 0.0012200
 550.18 9.9190 36 1.7740 40 0.0012200
 550.22 9.9545 37 1.7830 40 0.0012200
 550.29 10.025 38 1.7920 40 0.0012200
 550.39 10.130 39 1.8010 40 0.0012200
 550.53 10.269 40 1.8100 40 0.0012200
 550.71 10.442 41 1.8190 40 0.0012200
 550.91 10.648 42 1.8280 40 0.0012200
 551.15 10.888 43 1.8370 40 0.0012200
 551.43 11.162 44 1.8460 40 0.0012200
 551.73 11.468 45 1.8550 40 0.0012200
 552.07 11.808 46 1.8640 40 0.0012200
 552.44 12.180 47 1.8730 40 0.0012200
 552.85 12.584 48 1.8820 40 0.0012200
 553.28 13.020 49 1.8910 40 0.0012200
 553.75 13.488 50 1.9000 40 0.0012200
 554.38 14.112 50 1.9000 41 0.0012280
 553.92 13.652 49 1.8910 41 0.0012280
 553.49 13.224 48 1.8820 41 0.0012280
 553.09 12.829 47 1.8730 41 0.0012280
 552.73 12.466 46 1.8640 41 0.0012280
 552.40 12.136 45 1.8550 41 0.0012280
 552.10 11.839 44 1.8460 41 0.0012280
 551.84 11.575 43 1.8370 41 0.0012280
 551.61 11.345 42 1.8280 41 0.0012280
 551.41 11.148 41 1.8190 41 0.0012280
 551.25 10.985 40 1.8100 41 0.0012280
 551.12 10.857 39 1.8010 41 0.0012280
 551.03 10.763 38 1.7920 41 0.0012280
 550.97 10.704 37 1.7830 41 0.0012280
 550.94 10.680 36 1.7740 41 0.0012280
 550.95 10.691 35 1.7650 41 0.0012280
 551.00 10.737 34 1.7560 41 0.0012280
 551.08 10.820 33 1.7470 41 0.0012280
 551.20 10.938 32 1.7380 41 0.0012280
 551.36 11.093 31 1.7290 41 0.0012280
 551.55 11.285 30 1.7200 41 0.0012280
 551.78 11.513 29 1.7110 41 0.0012280
 552.04 11.779 28 1.7020 41 0.0012280
 552.35 12.083 27 1.6930 41 0.0012280
 552.69 12.424 26 1.6840 41 0.0012280
 553.07 12.803 25 1.6750 41 0.0012280
 553.49 13.222 24 1.6660 41 0.0012280
 553.94 13.678 23 1.6570 41 0.0012280
 554.44 14.175 22 1.6480 41 0.0012280
 554.97 14.710 21 1.6390 41 0.0012280
 555.55 15.286 20 1.6300 41 0.0012280
 556.17 15.902 19 1.6210 41 0.0012280
 556.82 16.558 18 1.6120 41 0.0012280
 557.52 17.256 17 1.6030 41 0.0012280
 558.26 17.994 16 1.5940 41 0.0012280
 559.04 18.775 15 1.5850 41 0.0012280
 559.86 19.597 14 1.5760 41 0.0012280
 560.73 20.462 13 1.5670 41 0.0012280
 561.63 21.370 12 1.5580 41 0.0012280
 562.58 22.321 11 1.5490 41 0.0012280
 563.58 23.315 10 1.5400 41 0.0012280
 564.62 24.354 9 1.5310 41 0.0012280
 565.70 25.437 8 1.5220 41 0.0012280
 566.83 26.566 7 1.5130 41 0.0012280
 568.00 27.739 6 1.5040 41 0.0012280
 569.22 28.958 5 1.4950 41 0.0012280
 570.49 30.224 4 1.4860 41 0.0012280
 571.80 31.536 3 1.4770 41 0.0012280
 573.16 32.896 2 1.4680 41 0.0012280
 574.57 34.305 1 1.4590 41 0.0012280
 576.03 35.762 0 1.4500 41 0.0012280
 577.40 37.133 0 1.4500 42 0.0012360
 575.92 35.655 1 1.4590 42 0.0012360
 574.49 34.225 2 1.4680 42 0.0012360
 573.11 32.844 3 1.4770 42 0.0012360
 571.78 31.511 4 1.4860 42 0.0012360
 570.49 30.226 5 1.4950 42 0.0012360
 569.25 28.987 6 1.5040 42 0.0012360
 568.06 27.794 7 1.5130 42 0.0012360
 566.91 26.647 8 1.5220 42 0.0012360
 565.81 25.545 9 1.5310 42 0.0012360
 564.75 24.488 10 1.5400 42 0.0012360
 563.74 23.475 11 1.5490 42 0.0012360
 562.77 22.506 12 1.5580 42 0.0012360
 561.84 21.581 13 1.5670 42 0.0012360
 560.96 20.699 14 1.5760 42 0.0012360
 560.12 19.859 15 1.5850 42 0.0012360
 559.33 19.062 16 1.5940 42 0.0012360
 558.57 18.307 17 1.6030 42 0.0012360
 557.86 17.593 18 1.6120 42 0.0012360
 557.18 16.921 19 1.6210 42 0.0012360
 556.55 16.290 20 1.6300 42 0.0012360
 555.96 15.699 21 1.6390 42 0.0012360
 555.41 15.148 22 1.6480 42 0.0012360
 554.90 14.637 23 1.6570 42 0.0012360
 554.43 14.166 24 1.6660 42 0.0012360
 554.00 13.733 25 1.6750 42 0.0012360
 553.60 13.340 26 1.6840 42 0.0012360
 553.25 12.985 27 1.6930 42 0.0012360
 552.93 12.668 28 1.7020 42 0.0012360
 552.65 12.389 29 1.7110 42 0.0012360
 552.41 12.147 30 1.7200 42 0.0012360
 552.21 11.943 31 1.7290 42 0.0012360
 552.04 11.775 32 1.7380 42 0.0012360
 551.91 11.645 33 1.7470 42 0.0012360
 551.81 11.550 34 1.7560 42 0.0012360
 551.76 11.492 35 1.7650 42 0.0012360
 551.73 11.469 36 1.7740 42 0.0012360
 551.75 11.482 37 1.7830 42 0.0012360
 551.79 11.530 38 1.7920 42 0.0012360
 551.88 11.613 39 1.8010 42 0.0012360
 552.00 11.731 40 1.8100 42 0.0012360
 552.15 11.884 41 1.8190 42 0.0012360
 552.33 12.070 42 1.8280 42 0.0012360
 552.55 12.290 43 1.8370 42 0.0012360
 552.81 12.545 44 1.8460 42 0.0012360
 553.10 12.832 45 1.8550 42 0.0012360
 553.42 13.153 46 1.8640 42 0.0012360
 553.77 13.507 47 1.8730 42 0.0012360
 554.16 13.893 48 1.8820 42 0.0012360
 554.58 14.313 49 1.8910 42 0.0012360
 555.03 14.764 50 1.9000 42 0.0012360
 555.71 15.445 50 1.9000 43 0.0012440
 555.27 15.002 49 1.8910 43 0.0012440
 554.86 14.591 48 1.8820 43 0.0012440
 554.48 14.213 47 1.8730 43 0.0012440
 554.13 13.869 46 1.8640 43 0.0012440
 553.82 13.557 45 1.8550 43 0.0012440
 553.54 13.279 44 1.8460 43 0.0012440
 553.30 13.034 43 1.8370 43 0.0012440
 553.09 12.824 42 1.8280 43 0.0012440
 552.91 12.647 41 1.8190 43 0.0012440
 552.77 12.506 40 1.8100 43 0.0012440
 552.66 12.398 39 1.8010 43 0.0012440
 552.59 12.326 38 1.7920 43 0.0012440
 552.55 12.289 37 1.7830 43 0.0012440
 552.55 12.287 36 1.7740 43 0.0012440
 552.59 12.321 35 1.7650 43 0.0012440
 552.66 12.392 34 1.7560 43 0.0012440
 552.76 12.498 33 1.7470 43 0.0012440
 552.90 12.641 32 1.7380 43 0.0012440
 553.08 12.821 31 1.7290 43 0.0012440
 553.30 13.038 30 1.7200 43 0.0012440
 553.56 13.292 29 1.7110 43 0.0012440
 553.85 13.585 28 1.7020 43 0.0012440
 554.18 13.915 27 1.6930 43 0.0012440
 554.55 14.284 26 1.6840 43 0.0012440
 554.96 14.692 25 1.6750 43 0.0012440
 555.40 15.138 24 1.6660 43 0.0012440
 555.89 15.624 23 1.6570 43 0.0012440
 556.41 16.150 22 1.6480 43 0.0012440
 556.98 16.716 21 1.6390 43 0.0012440
 557.59 17.322 20 1.6300 43 0.0012440
 558.23 17.969 19 1.6210 43 0.0012440
 558.92 18.657 18 1.6120 43 0.0012440
 559.65 19.387 17 1.6030 43 0.0012440
 560.42 20.158 16 1.5940 43 0.0012440
 561.24 20.972 15 1.5850 43 0.0012440
 562.09 21.829 14 1.5760 43 0.0012440
 562.99 22.728 13 1.5670 43 0.0012440
 563.93 23.671 12 1.5580 43 0.0012440
 564.92 24.658 11 1.5490 43 0.0012440
 565.95 25.689 10 1.5400 43 0.0012440
 567.03 26.764 9 1.5310 43 0.0012440
 568.15 27.885 8 1.5220 43 0.0012440
 569.32 29.051 7 1.5130 43 0.0012440
 570.53 30.264 6 1.5040 43 0.0012440
 571.79 31.522 5 1.4950 43 0.0012440
 573.09 32.828 4 1.4860 43 0.0012440
 574.44 34.181 3 1.4770 43 0.0012440
 575.85 35.583 2 1.4680 43 0.0012440
 577.30 37.033 1 1.4590 43 0.0012440
 578.80 38.534 0 1.4500 43 0.0012440
 580.23 39.962 0 1.4500 44 0.0012520
 578.70 38.440 1 1.4590 44 0.0012520
 577.23 36.968 2 1.4680 44 0.0012520
 575.81 35.546 3 1.4770 44 0.0012520
 574.44 34.172 4 1.4860 44 0.0012520
 573.11 32.846 5 1.4950 44 0.0012520
 571.83 31.568 6 1.5040 44 0.0012520
 570.60 30.337 7 1.5130 44 0.0012520
 569.42 29.151 8 1.5220 44 0.0012520
 568.28 28.012 9 1.5310 44 0.0012520
 567.18 26.918 10 1.5400 44 0.0012520
 566.13 25.869 11 1.5490 44 0.0012520
 565.13 24.864 12 1.5580 44 0.0012520
 564.17 23.904 13 1.5670 44 0.0012520
 563.25 22.987 14 1.5760 44 0.0012520
 562.38 22.113 15 1.5850 44 0.0012520
 561.55 21.283 16 1.5940 44 0.0012520
 560.76 20.495 17 1.6030 44 0.0012520
 560.01 19.749 18 1.6120 44 0.0012520
 559.31 19.045 19 1.6210 44 0.0012520
 558.65 18.383 20 1.6300 44 0.0012520
 558.02 17.761 21 1.6390 44 0.0012520
 557.44 17.180 22 1.6480 44 0.0012520
 556.90 16.640 23 1.6570 44 0.0012520
 556.40 16.139 24 1.6660 44 0.0012520
 555.94 15.678 25 1.6750 44 0.0012520
 555.52 15.257 26 1.6840 44 0.0012520
 555.14 14.874 27 1.6930 44 0.0012520
 554.79 14.530 28 1.7020 44 0.0012520
 554.49 14.224 29 1.7110 44 0.0012520
 554.22 13.957 30 1.7200 44 0.0012520
 553.99 13.727 31 1.7290 44 0.0012520
 553.80 13.535 32 1.7380 44 0.0012520
 553.64 13.379 33 1.7470 44 0.0012520
 553.52 13.261 34 1.7560 44 0.0012520
 553.44 13.179 35 1.7650 44 0.0012520
 553.40 13.133 36 1.7740 44 0.0012520
 553.39 13.124 37 1.7830 44 0.0012520
 553.41 13.150 38 1.7920 44 0.0012520
 553.48 13.211 39 1.8010 44 0.0012520
 553.57 13.308 40 1.8100 44 0.0012520
 553.70 13.440 41 1.8190 44 0.0012520
 553.87 13.606 42 1.8280 44 0.0012520
 554.07 13.806 43 1.8370 44 0.0012520
 554.31 14.041 44 1.8460 44 0.0012520
 554.57 14.310 45 1.8550 44 0.0012520
 554.88 14.612 46 1.8640 44 0.0012520
 555.21 14.948 47 1.8730 44 0.0012520
 555.58 15.317 48 1.8820 44 0.0012520
 555.98 15.719 49 1.8910 44 0.0012520
 556.42 16.154 50 1.9000 44 0.0012520
 557.15 16.891 50 1.9000 45 0.0012600
 556.73 16.464 49 1.8910 45 0.0012600
 556.33 16.071 48 1.8820 45 0.0012600
 555.97 15.711 47 1.8730 45 0.0012600
 555.65 15.384 46 1.8640 45 0.0012600
 555.35 15.091 45 1.8550 45 0.0012600
 555.10 14.831 44 1.8460 45 0.0012600
 554.87 14.606 43 1.8370 45 0.0012600
 554.68 14.415 42 1.8280 45 0.0012600
 554.52 14.259 41 1.8190 45 0.0012600
 554.40 14.138 40 1.8100 45 0.0012600
 554.32 14.052 39 1.8010 45 0.0012600
 554.27 14.001 38 1.7920 45 0.0012600
 554.25 13.986 37 1.7830 45 0.0012600
 554.27 14.007 36 1.7740 45 0.0012600
 554.33 14.065 35 1.7650 45 0.0012600
 554.42 14.158 34 1.7560 45 0.0012600
 554.55 14.289 33 1.7470 45 0.0012600
 554.72 14.456 32 1.7380 45 0.0012600
 554.92 14.661 31 1.7290 45 0.0012600
 555.17 14.904 30 1.7200 45 0.0012600
 555.45 15.184 29 1.7110 45 0.0012600
 555.77 15.503 28 1.7020 45 0.0012600
 556.12 15.860 27 1.6930 45 0.0012600
 556.52 16.257 26 1.6840 45 0.0012600
 556.96 16.692 25 1.6750 45 0.0012600
 557.43 17.167 24 1.6660 45 0.0012600
 557.95 17.683 23 1.6570 45 0.0012600
 558.50 18.238 22 1.6480 45 0.0012600
 559.10 18.834 21 1.6390 45 0.0012600
 559.73 19.471 20 1.6300 45 0.0012600
 560.41 20.149 19 1.6210 45 0.0012600
 561.13 20.869 18 1.6120 45 0.0012600
 561.89 21.631 17 1.6030 45 0.0012600
 562.70 22.435 16 1.5940 45 0.0012600
 563.55 23.282 15 1.5850 45 0.0012600
 564.44 24.173 14 1.5760 45 0.0012600
 565.37 25.107 13 1.5670 45 0.0012600
 566.35 26.085 12 1.5580 45 0.0012600
 567.37 27.107 11 1.5490 45 0.0012600
 568.44 28.175 10 1.5400 45 0.0012600
 569.55 29.287 9 1.5310 45 0.0012600
 570.71 30.445 8 1.5220 45 0.0012600
 571.91 31.650 7 1.5130 45 0.0012600
 573.16 32.901 6 1.5040 45 0.0012600
 574.46 34.198 5 1.4950 45 0.0012600
 575.81 35.544 4 1.4860 45 0.0012600
 577.20 36.938 3 1.4770 45 0.0012600
 578.65 38.382 2 1.4680 45 0.0012600
 580.14 39.875 1 1.4590 45 0.0012600
 581.68 41.418 0 1.4500 45 0.0012600
 583.17 42.902 0 1.4500 46 0.0012680
 581.60 41.337 1 1.4590 46 0.0012680
 580.09 39.823 2 1.4680 46 0.0012680
 578.62 38.359 3 1.4770 46 0.0012680
 577.21 36.944 4 1.4860 46 0.0012680
 575.84 35.578 5 1.4950 46 0.0012680
 574.52 34.260 6 1.5040 46 0.0012680
 573.25 32.990 7 1.5130 46 0.0012680
 572.03 31.767 8 1.5220 46 0.0012680
 570.85 30.590 9 1.5310 46 0.0012680
 569.72 29.459 10 1.5400 46 0.0012680
 568.64 28.373 11 1.5490 46 0.0012680
 567.60 27.333 12 1.5580 46 0.0012680
 566.60 26.338 13 1.5670 46 0.0012680
 565.65 25.386 14 1.5760 46 0.0012680
 564.74 24.479 15 1.5850 46 0.0012680
 563.88 23.615 16 1.5940 46 0.0012680
 563.06 22.794 17 1.6030 46 0.0012680
 562.28 22.016 18 1.6120 46 0.0012680
 561.54 21.280 19 1.6210 46 0.0012680
 560.85 20.586 20 1.6300 46 0.0012680
 560.20 19.934 21 1.6390 46 0.0012680
 559.59 19.323 22 1.6480 46 0.0012680
 559.02 18.753 23 1.6570 46 0.0012680
 558.49 18.223 24 1.6660 46 0.0012680
 558.00 17.734 25 1.6750 46 0.0012680
 557.55 17.284 26 1.6840 46 0.0012680
 557.14 16.874 27 1.6930 46 0.0012680
 556.77 16.503 28 1.7020 46 0.0012680
 556.44 16.171 29 1.7110 46 0.0012680
 556.14 15.878 30 1.7200 46 0.0012680
 555.89 15.623 31 1.7290 46 0.0012680
 555.67 15.405 32 1.7380 46 0.0012680
 555.49 15.225 33 1.7470 46 0.0012680
 555.35 15.083 34 1.7560 46 0.0012680
 555.24 14.977 35 1.7650 46 0.0012680
 555.17 14.909 36 1.7740 46 0.0012680
 555.14 14.877 37 1.7830 46 0.0012680
 555.14 14.880 38 1.7920 46 0.0012680
 555.18 14.920 39 1.8010 46 0.0012680
 555.26 14.996 40 1.8100 46 0.0012680
 555.37 15.107 41 1.8190 46 0.0012680
 555.52 15.253 42 1.8280 46 0.0012680
 555.70 15.433 43 1.8370 46 0.0012680
 555.91 15.649 44 1.8460 46 0.0012680
 556.16 15.899 45 1.8550 46 0.0012680
 556.45 16.183 46 1.8640 46 0.0012680
 556.76 16.500 47 1.8730 46 0.0012680
 557.12 16.852 48 1.8820 46 0.0012680
 557.50 17.237 49 1.8910 46 0.0012680
 557.92 17.655 50 1.9000 46 0.0012680
 558.71 18.446 50 1.9000 47 0.0012760
 558.30 18.037 49 1.8910 47 0.0012760
 557.92 17.660 48 1.8820 47 0.0012760
 557.58 17.317 47 1.8730 47 0.0012760
 557.27 17.009 46 1.8640 47 0.0012760
 557.00 16.734 45 1.8550 47 0.0012760
 556.76 16.494 44 1.8460 47 0.0012760
 556.55 16.288 43 1.8370 47 0.0012760
 556.38 16.117 42 1.8280 47 0.0012760
 556.24 15.981 41 1.8190 47 0.0012760
 556.14 15.881 40 1.8100 47 0.0012760
 556.08 15.816 39 1.8010 47 0.0012760
 556.05 15.787 38 1.7920 47 0.0012760
 556.06 15.794 37 1.7830 47 0.0012760
 556.10 15.837 36 1.7740 47 0.0012760
 556.18 15.917 35 1.7650 47 0.0012760
 556.30 16.035 34 1.7560 47 0.0012760
 556.45 16.189 33 1.7470 47 0.0012760
 556.64 16.381 32 1.7380 47 0.0012760
 556.87 16.611 31 1.7290 47 0.0012760
 557.14 16.879 30 1.7200 47 0.0012760
 557.45 17.186 29 1.7110 47 0.0012760
 557.79 17.531 28 1.7020 47 0.0012760
 558.18 17.915 27 1.6930 47 0.0012760
 558.60 18.339 26 1.6840 47 0.0012760
 559.07 18.803 25 1.6750 47 0.0012760
 559.57 19.306 24 1.6660 47 0.0012760
 560.11 19.851 23 1.6570 47 0.0012760
 560.70 20.436 22 1.6480 47 0.0012760
 561.33 21.062 21 1.6390 47 0.0012760
 561.99 21.729 20 1.6300 47 0.0012760
 562.70 22.439 19 1.6210 47 0.0012760
 563.45 23.190 18 1.6120 47 0.0012760
 564.25 23.984 17 1.6030 47 0.0012760
 565.09 24.822 16 1.5940 47 0.0012760
 565.97 25.702 15 1.5850 47 0.0012760
 566.89 26.627 14 1.5760 47 0.0012760
 567.86 27.595 13 1.5670 47 0.0012760
 568.87 28.608 12 1.5580 47 0.0012760
 569.93 29.667 11 1.5490 47 0.0012760
 571.03 30.770 10 1.5400 47 0.0012760
 572.18 31.920 9 1.5310 47 0.0012760
 573.38 33.115 8 1.5220 47 0.0012760
 574.62 34.358 7 1.5130 47 0.0012760
 575.91 35.647 6 1.5040 47 0.0012760
 577.25 36.985 5 1.4950 47 0.0012760
 578.63 38.371 4 1.4860 47 0.0012760
 580.07 39.806 3 1.4770 47 0.0012760
 581.56 41.291 2 1.4680 47 0.0012760
 583.09 42.827 1 1.4590 47 0.0012760
 584.68 44.413 0 1.4500 47 0.0012760
 586.21 45.951 0 1.4500 48 0.0012840
 584.61 44.343 1 1.4590 48 0.0012840
 583.05 42.786 2 1.4680 48 0.0012840
 581.54 41.280 3 1.4770 48 0.0012840
 580.09 39.825 4 1.4860 48 0.0012840
 578.68 38.418 5 1.4950 48 0.0012840
 577.32 37.061 6 1.5040 48 0.0012840
 576.02 35.752 7 1.5130 48 0.0012840
 574.75 34.491 8 1.5220 48 0.0012840
 573.54 33.276 9 1.5310 48 0.0012840
 572.37 32.108 10 1.5400 48 0.0012840
 571.25 30.987 11 1.5490 48 0.0012840
 570.17 29.911 12 1.5580 48 0.0012840
 569.14 28.880 13 1.5670 48 0.0012840
 568.16 27.894 14 1.5760 48 0.0012840
 567.22 26.953 15 1.5850 48 0.0012840
 566.32 26.055 16 1.5940 48 0.0012840
 565.47 25.202 17 1.6030 48 0.0012840
 564.66 24.391 18 1.6120 48 0.0012840
 563.89 23.624 19 1.6210 48 0.0012840
 563.16 22.899 20 1.6300 48 0.0012840
 562.48 22.216 21 1.6390 48 0.0012840
 561.84 21.575 22 1.6480 48 0.0012840
 561.24 20.975 23 1.6570 48 0.0012840
 560.68 20.416 24 1.6660 48 0.0012840
 560.16 19.898 25 1.6750 48 0.0012840
 559.68 19.421 26 1.6840 48 0.0012840
 559.25 18.983 27 1.6930 48 0.0012840
 558.85 18.585 28 1.7020 48 0.0012840
 558.49 18.227 29 1.7110 48 0.0012840
 558.17 17.907 30 1.7200 48 0.0012840
 557.89 17.626 31 1.7290 48 0.0012840
 557.65 17.384 32 1.7380 48 0.0012840
 557.44 17.180 33 1.7470 48 0.0012840
 557.28 17.013 34 1.7560 48 0.0012840
 557.15 16.884 35 1.7650 48 0.0012840
 557.06 16.792 36 1.7740 48 0.0012840
 557.00 16.738 37 1.7830 48 0.0012840
 556.98 16.719 38 1.7920 48 0.0012840
 557.00 16.738 39 1.8010 48 0.0012840
 557.06 16.792 40 1.8100 48 0.0012840
 557.15 16.882 41 1.8190 48 0.0012840
 557.27 17.008 42 1.8280 48 0.0012840
 557.43 17.169 43 1.8370 48 0.0012840
 557.63 17.365 44 1.8460 48 0.0012840
 557.86 17.596 45 1.8550 48 0.0012840
 558.13 17.861 46 1.8640 48 0.0012840
 558.43 18.161 47 1.8730 48 0.0012840
 558.76 18.495 48 1.8820 48 0.0012840
 559.13 18.863 49 1.8910 48 0.0012840
 559.53 19.264 50 1.9000 48 0.0012840
 560.37 20.109 50 1.9000 49 0.0012920
 559.98 19.716 49 1.8910 49 0.0012920
 559.62 19.356 48 1.8820 49 0.0012920
 559.30 19.031 47 1.8730 49 0.0012920
 559.00 18.740 46 1.8640 49 0.0012920
 558.75 18.484 45 1.8550 49 0.0012920
 558.53 18.263 44 1.8460 49 0.0012920
 558.34 18.076 43 1.8370 49 0.0012920
 558.19 17.925 42 1.8280 49 0.0012920
 558.07 17.810 41 1.8190 49 0.0012920
 557.99 17.730 40 1.8100 49 0.0012920
 557.95 17.686 39 1.8010 49 0.0012920
 557.94 17.679 38 1.7920 49 0.0012920
 557.97 17.708 37 1.7830 49 0.0012920
 558.04 17.774 36 1.7740 49 0.0012920
 558.14 17.877 35 1.7650 49 0.0012920
 558.28 18.018 34 1.7560 49 0.0012920
 558.46 18.197 33 1.7470 49 0.0012920
 558.68 18.413 32 1.7380 49 0.0012920
 558.93 18.668 31 1.7290 49 0.0012920
 559.23 18.962 30 1.7200 49 0.0012920
 559.56 19.294 29 1.7110 49 0.0012920
 559.93 19.666 28 1.7020 49 0.0012920
 560.34 20.077 27 1.6930 49 0.0012920
 560.79 20.529 26 1.6840 49 0.0012920
 561.28 21.020 25 1.6750 49 0.0012920
 561.82 21.552 24 1.6660 49 0.0012920
 562.39 22.126 23 1.6570 49 0.0012920
 563.00 22.740 22 1.6480 49 0.0012920
 563.66 23.396 21 1.6390 49 0.0012920
 564.36 24.095 20 1.6300 49 0.0012920
 565.10 24.835 19 1.6210 49 0.0012920
 565.88 25.619 18 1.6120 49 0.0012920
 566.71 26.445 17 1.6030 49 0.0012920
 567.58 27.315 16 1.5940 49 0.0012920
 568.49 28.229 15 1.5850 49 0.0012920
 569.45 29.188 14 1.5760 49 0.0012920
 570.45 30.191 13 1.5670 49 0.0012920
 571.50 31.239 12 1.5580 49 0.0012920
 572.60 32.333 11 1.5490 49 0.0012920
 573.74 33.473 10 1.5400 49 0.0012920
 574.92 34.659 9 1.5310 49 0.0012920
 576.16 35.892 8 1.5220 49 0.0012920
 577.44 37.173 7 1.5130 49 0.0012920
 578.76 38.501 6 1.5040 49 0.0012920
 580.14 39.878 5 1.4950 49 0.0012920
 581.57 41.305 4 1.4860 49 0.0012920
 583.05 42.781 3 1.4770 49 0.0012920
 584.57 44.308 2 1.4680 49 0.0012920
 586.15 45.886 1 1.4590 49 0.0012920
 587.78 47.515 0 1.4500 49 0.0012920
 589.37 49.105 0 1.4500 50 0.0013000
 587.72 47.455 1 1.4590 50 0.0013000
 586.12 45.856 2 1.4680 50 0.0013000
 584.57 44.308 3 1.4770 50 0.0013000
 583.08 42.811 4 1.4860 50 0.0013000
 581.63 41.364 5 1.4950 50 0.0013000
 580.23 39.967 6 1.5040 50 0.0013000
 578.88 38.620 7 1.5130 50 0.0013000
 577.58 37.320 8 1.5220 50 0.0013000
 576.33 36.068 9 1.5310 50 0.0013000
 575.13 34.863 10 1.5400 50 0.0013000
 573.97 33.705 11 1.5490 50 0.0013000
 572.86 32.594 12 1.5580 50 0.0013000
 571.79 31.528 13 1.5670 50 0.0013000
 570.77 30.507 14 1.5760 50 0.0013000
 569.80 29.532 15 1.5850 50 0.0013000
 568.87 28.601 16 1.5940 50 0.0013000
 567.98 27.715 17 1.6030 50 0.0013000
 567.14 26.872 18 1.6120 50 0.0013000
 566.34 26.073 19 1.6210 50 0.0013000
 565.58 25.317 20 1.6300 50 0.0013000
 564.87 24.603 21 1.6390 50 0.0013000
 564.20 23.932 22 1.6480 50 0.0013000
 563.57 23.303 23 1.6570 50 0.0013000
 562.98 22.715 24 1.6660 50 0.0013000
 562.43 22.168 25 1.6750 50 0.0013000
 561.93 21.663 26 1.6840 50 0.0013000
 561.46 21.198 27 1.6930 50 0.0013000
 561.04 20.773 28 1.7020 50 0.0013000
 560.65 20.388 29 1.7110 50 0.0013000
 560.31 20.042 30 1.7200 50 0.0013000
 560.00 19.736 31 1.7290 50 0.0013000
 559.73 19.468 32 1.7380 50 0.0013000
 559.50 19.240 33 1.7470 50 0.0013000
 559.31 19.049 34 1.7560 50 0.0013000
 559.16 18.897 35 1.7650 50 0.0013000
 559.05 18.782 36 1.7740 50 0.0013000
 558.97 18.704 37 1.7830 50 0.0013000
 558.93 18.664 38 1.7920 50 0.0013000
 558.92 18.661 39 1.8010 50 0.0013000
 558.96 18.694 40 1.8100 50 0.0013000
 559.03 18.763 41 1.8190 50 0.0013000
 559.13 18.869 42 1.8280 50 0.0013000
 559.27 19.010 43 1.8370 50 0.0013000
 559.45 19.187 44 1.8460 50 0.0013000
 559.66 19.399 45 1.8550 50 0.0013000
 559.91 19.646 46 1.8640 50 0.0013000
 560.19 19.928 47 1.8730 50 0.0013000
 560.51 20.244 48 1.8820 50 0.0013000
 560.86 20.595 49 1.8910 50 0.0013000
 561.24 20.979 50 1.9000 50 0.0013000
