#E [MeV]  E**2*dN/dE [erg/cm2/s]  Error on (E**2*dN/dE) [erg/cm2/s]   
  1.0000e+02    1.6355e-10    5.3700e-11 
  1.0048e+02    1.6354e-10    5.3596e-11 
  1.0097e+02    1.6353e-10    5.3493e-11 
  1.0145e+02    1.6353e-10    5.3390e-11 
  1.0194e+02    1.6352e-10    5.3287e-11 
  1.0243e+02    1.6351e-10    5.3185e-11 
  1.0293e+02    1.6350e-10    5.3082e-11 
  1.0342e+02    1.6349e-10    5.2980e-11 
  1.0392e+02    1.6348e-10    5.2877e-11 
  1.0442e+02    1.6347e-10    5.2775e-11 
  1.0493e+02    1.6347e-10    5.2673e-11 
  1.0543e+02    1.6346e-10    5.2571e-11 
  1.0594e+02    1.6345e-10    5.2469e-11 
  1.0645e+02    1.6344e-10    5.2368e-11 
  1.0697e+02    1.6343e-10    5.2266e-11 
  1.0748e+02    1.6342e-10    5.2165e-11 
  1.0800e+02    1.6342e-10    5.2064e-11 
  1.0852e+02    1.6341e-10    5.1963e-11 
  1.0904e+02    1.6340e-10    5.1862e-11 
  1.0957e+02    1.6339e-10    5.1761e-11 
  1.1010e+02    1.6338e-10    5.1660e-11 
  1.1063e+02    1.6337e-10    5.1559e-11 
  1.1116e+02    1.6337e-10    5.1459e-11 
  1.1170e+02    1.6336e-10    5.1359e-11 
  1.1224e+02    1.6335e-10    5.1259e-11 
  1.1278e+02    1.6334e-10    5.1159e-11 
  1.1332e+02    1.6333e-10    5.1059e-11 
  1.1387e+02    1.6332e-10    5.0959e-11 
  1.1442e+02    1.6332e-10    5.0859e-11 
  1.1497e+02    1.6331e-10    5.0760e-11 
  1.1552e+02    1.6330e-10    5.0661e-11 
  1.1608e+02    1.6329e-10    5.0562e-11 
  1.1664e+02    1.6328e-10    5.0463e-11 
  1.1720e+02    1.6327e-10    5.0364e-11 
  1.1777e+02    1.6327e-10    5.0265e-11 
  1.1834e+02    1.6326e-10    5.0166e-11 
  1.1891e+02    1.6325e-10    5.0068e-11 
  1.1948e+02    1.6324e-10    4.9970e-11 
  1.2006e+02    1.6323e-10    4.9872e-11 
  1.2064e+02    1.6322e-10    4.9774e-11 
  1.2122e+02    1.6322e-10    4.9676e-11 
  1.2180e+02    1.6321e-10    4.9578e-11 
  1.2239e+02    1.6320e-10    4.9481e-11 
  1.2298e+02    1.6319e-10    4.9383e-11 
  1.2357e+02    1.6318e-10    4.9286e-11 
  1.2417e+02    1.6317e-10    4.9189e-11 
  1.2477e+02    1.6317e-10    4.9092e-11 
  1.2537e+02    1.6316e-10    4.8996e-11 
  1.2597e+02    1.6315e-10    4.8899e-11 
  1.2658e+02    1.6314e-10    4.8803e-11 
  1.2719e+02    1.6313e-10    4.8707e-11 
  1.2780e+02    1.6312e-10    4.8610e-11 
  1.2842e+02    1.6312e-10    4.8515e-11 
  1.2904e+02    1.6311e-10    4.8419e-11 
  1.2966e+02    1.6310e-10    4.8323e-11 
  1.3029e+02    1.6309e-10    4.8228e-11 
  1.3091e+02    1.6308e-10    4.8133e-11 
  1.3155e+02    1.6307e-10    4.8038e-11 
  1.3218e+02    1.6306e-10    4.7943e-11 
  1.3282e+02    1.6306e-10    4.7848e-11 
  1.3346e+02    1.6305e-10    4.7753e-11 
  1.3410e+02    1.6304e-10    4.7659e-11 
  1.3475e+02    1.6303e-10    4.7565e-11 
  1.3540e+02    1.6302e-10    4.7471e-11 
  1.3605e+02    1.6301e-10    4.7377e-11 
  1.3671e+02    1.6301e-10    4.7283e-11 
  1.3737e+02    1.6300e-10    4.7190e-11 
  1.3803e+02    1.6299e-10    4.7096e-11 
  1.3869e+02    1.6298e-10    4.7003e-11 
  1.3936e+02    1.6297e-10    4.6910e-11 
  1.4003e+02    1.6296e-10    4.6817e-11 
  1.4071e+02    1.6296e-10    4.6725e-11 
  1.4139e+02    1.6295e-10    4.6632e-11 
  1.4207e+02    1.6294e-10    4.6540e-11 
  1.4276e+02    1.6293e-10    4.6448e-11 
  1.4344e+02    1.6292e-10    4.6356e-11 
  1.4414e+02    1.6291e-10    4.6264e-11 
  1.4483e+02    1.6291e-10    4.6173e-11 
  1.4553e+02    1.6290e-10    4.6081e-11 
  1.4623e+02    1.6289e-10    4.5990e-11 
  1.4694e+02    1.6288e-10    4.5899e-11 
  1.4764e+02    1.6287e-10    4.5808e-11 
  1.4836e+02    1.6286e-10    4.5718e-11 
  1.4907e+02    1.6286e-10    4.5627e-11 
  1.4979e+02    1.6285e-10    4.5537e-11 
  1.5051e+02    1.6284e-10    4.5447e-11 
  1.5124e+02    1.6283e-10    4.5357e-11 
  1.5197e+02    1.6282e-10    4.5268e-11 
  1.5270e+02    1.6281e-10    4.5178e-11 
  1.5344e+02    1.6281e-10    4.5089e-11 
  1.5418e+02    1.6280e-10    4.5000e-11 
  1.5492e+02    1.6279e-10    4.4911e-11 
  1.5567e+02    1.6278e-10    4.4823e-11 
  1.5642e+02    1.6277e-10    4.4734e-11 
  1.5717e+02    1.6276e-10    4.4646e-11 
  1.5793e+02    1.6276e-10    4.4558e-11 
  1.5869e+02    1.6275e-10    4.4470e-11 
  1.5946e+02    1.6274e-10    4.4383e-11 
  1.6023e+02    1.6273e-10    4.4295e-11 
  1.6100e+02    1.6272e-10    4.4208e-11 
  1.6177e+02    1.6271e-10    4.4121e-11 
  1.6255e+02    1.6271e-10    4.4034e-11 
  1.6334e+02    1.6270e-10    4.3948e-11 
  1.6413e+02    1.6269e-10    4.3861e-11 
  1.6492e+02    1.6268e-10    4.3775e-11 
  1.6571e+02    1.6267e-10    4.3689e-11 
  1.6651e+02    1.6266e-10    4.3604e-11 
  1.6731e+02    1.6266e-10    4.3518e-11 
  1.6812e+02    1.6265e-10    4.3433e-11 
  1.6893e+02    1.6264e-10    4.3348e-11 
  1.6975e+02    1.6263e-10    4.3263e-11 
  1.7056e+02    1.6262e-10    4.3179e-11 
  1.7139e+02    1.6261e-10    4.3094e-11 
  1.7221e+02    1.6261e-10    4.3010e-11 
  1.7304e+02    1.6260e-10    4.2926e-11 
  1.7388e+02    1.6259e-10    4.2842e-11 
  1.7472e+02    1.6258e-10    4.2759e-11 
  1.7556e+02    1.6257e-10    4.2676e-11 
  1.7641e+02    1.6256e-10    4.2593e-11 
  1.7726e+02    1.6256e-10    4.2510e-11 
  1.7811e+02    1.6255e-10    4.2428e-11 
  1.7897e+02    1.6254e-10    4.2345e-11 
  1.7983e+02    1.6253e-10    4.2263e-11 
  1.8070e+02    1.6252e-10    4.2181e-11 
  1.8157e+02    1.6251e-10    4.2100e-11 
  1.8245e+02    1.6251e-10    4.2018e-11 
  1.8333e+02    1.6250e-10    4.1937e-11 
  1.8421e+02    1.6249e-10    4.1857e-11 
  1.8510e+02    1.6248e-10    4.1776e-11 
  1.8599e+02    1.6247e-10    4.1696e-11 
  1.8689e+02    1.6246e-10    4.1615e-11 
  1.8779e+02    1.6246e-10    4.1536e-11 
  1.8869e+02    1.6245e-10    4.1456e-11 
  1.8960e+02    1.6244e-10    4.1377e-11 
  1.9052e+02    1.6243e-10    4.1298e-11 
  1.9144e+02    1.6242e-10    4.1219e-11 
  1.9236e+02    1.6241e-10    4.1140e-11 
  1.9329e+02    1.6241e-10    4.1062e-11 
  1.9422e+02    1.6240e-10    4.0984e-11 
  1.9516e+02    1.6239e-10    4.0906e-11 
  1.9610e+02    1.6238e-10    4.0828e-11 
  1.9704e+02    1.6237e-10    4.0751e-11 
  1.9799e+02    1.6236e-10    4.0674e-11 
  1.9895e+02    1.6236e-10    4.0597e-11 
  1.9991e+02    1.6235e-10    4.0521e-11 
  2.0087e+02    1.6234e-10    4.0444e-11 
  2.0184e+02    1.6233e-10    4.0368e-11 
  2.0281e+02    1.6232e-10    4.0293e-11 
  2.0379e+02    1.6231e-10    4.0217e-11 
  2.0477e+02    1.6231e-10    4.0142e-11 
  2.0576e+02    1.6230e-10    4.0067e-11 
  2.0675e+02    1.6229e-10    3.9993e-11 
  2.0775e+02    1.6228e-10    3.9918e-11 
  2.0875e+02    1.6227e-10    3.9844e-11 
  2.0976e+02    1.6226e-10    3.9770e-11 
  2.1077e+02    1.6226e-10    3.9697e-11 
  2.1179e+02    1.6225e-10    3.9624e-11 
  2.1281e+02    1.6224e-10    3.9551e-11 
  2.1383e+02    1.6223e-10    3.9478e-11 
  2.1486e+02    1.6222e-10    3.9406e-11 
  2.1590e+02    1.6221e-10    3.9334e-11 
  2.1694e+02    1.6221e-10    3.9262e-11 
  2.1799e+02    1.6220e-10    3.9190e-11 
  2.1904e+02    1.6219e-10    3.9119e-11 
  2.2010e+02    1.6218e-10    3.9048e-11 
  2.2116e+02    1.6217e-10    3.8978e-11 
  2.2222e+02    1.6217e-10    3.8907e-11 
  2.2329e+02    1.6216e-10    3.8837e-11 
  2.2437e+02    1.6215e-10    3.8768e-11 
  2.2545e+02    1.6214e-10    3.8698e-11 
  2.2654e+02    1.6213e-10    3.8629e-11 
  2.2763e+02    1.6212e-10    3.8560e-11 
  2.2873e+02    1.6212e-10    3.8492e-11 
  2.2983e+02    1.6211e-10    3.8424e-11 
  2.3094e+02    1.6210e-10    3.8356e-11 
  2.3205e+02    1.6209e-10    3.8288e-11 
  2.3317e+02    1.6208e-10    3.8221e-11 
  2.3430e+02    1.6207e-10    3.8154e-11 
  2.3543e+02    1.6207e-10    3.8087e-11 
  2.3656e+02    1.6206e-10    3.8021e-11 
  2.3770e+02    1.6205e-10    3.7955e-11 
  2.3885e+02    1.6204e-10    3.7889e-11 
  2.4000e+02    1.6203e-10    3.7824e-11 
  2.4116e+02    1.6202e-10    3.7759e-11 
  2.4232e+02    1.6202e-10    3.7694e-11 
  2.4349e+02    1.6201e-10    3.7630e-11 
  2.4466e+02    1.6200e-10    3.7566e-11 
  2.4584e+02    1.6199e-10    3.7502e-11 
  2.4703e+02    1.6198e-10    3.7439e-11 
  2.4822e+02    1.6197e-10    3.7376e-11 
  2.4942e+02    1.6197e-10    3.7313e-11 
  2.5062e+02    1.6196e-10    3.7250e-11 
  2.5183e+02    1.6195e-10    3.7188e-11 
  2.5304e+02    1.6194e-10    3.7127e-11 
  2.5426e+02    1.6193e-10    3.7065e-11 
  2.5549e+02    1.6192e-10    3.7004e-11 
  2.5672e+02    1.6192e-10    3.6944e-11 
  2.5796e+02    1.6191e-10    3.6883e-11 
  2.5920e+02    1.6190e-10    3.6823e-11 
  2.6045e+02    1.6189e-10    3.6764e-11 
  2.6171e+02    1.6188e-10    3.6704e-11 
  2.6297e+02    1.6187e-10    3.6645e-11 
  2.6424e+02    1.6187e-10    3.6587e-11 
  2.6551e+02    1.6186e-10    3.6528e-11 
  2.6679e+02    1.6185e-10    3.6471e-11 
  2.6808e+02    1.6184e-10    3.6413e-11 
  2.6937e+02    1.6183e-10    3.6356e-11 
  2.7067e+02    1.6182e-10    3.6299e-11 
  2.7198e+02    1.6182e-10    3.6243e-11 
  2.7329e+02    1.6181e-10    3.6186e-11 
  2.7461e+02    1.6180e-10    3.6131e-11 
  2.7593e+02    1.6179e-10    3.6075e-11 
  2.7726e+02    1.6178e-10    3.6020e-11 
  2.7860e+02    1.6178e-10    3.5966e-11 
  2.7994e+02    1.6177e-10    3.5912e-11 
  2.8129e+02    1.6176e-10    3.5858e-11 
  2.8265e+02    1.6175e-10    3.5804e-11 
  2.8401e+02    1.6174e-10    3.5751e-11 
  2.8538e+02    1.6173e-10    3.5698e-11 
  2.8675e+02    1.6173e-10    3.5646e-11 
  2.8814e+02    1.6172e-10    3.5594e-11 
  2.8953e+02    1.6171e-10    3.5542e-11 
  2.9092e+02    1.6170e-10    3.5491e-11 
  2.9233e+02    1.6169e-10    3.5440e-11 
  2.9374e+02    1.6168e-10    3.5390e-11 
  2.9515e+02    1.6168e-10    3.5340e-11 
  2.9657e+02    1.6167e-10    3.5290e-11 
  2.9800e+02    1.6166e-10    3.5241e-11 
  2.9944e+02    1.6165e-10    3.5192e-11 
  3.0089e+02    1.6164e-10    3.5143e-11 
  3.0234e+02    1.6163e-10    3.5095e-11 
  3.0379e+02    1.6163e-10    3.5048e-11 
  3.0526e+02    1.6162e-10    3.5000e-11 
  3.0673e+02    1.6161e-10    3.4953e-11 
  3.0821e+02    1.6160e-10    3.4907e-11 
  3.0970e+02    1.6159e-10    3.4861e-11 
  3.1119e+02    1.6158e-10    3.4815e-11 
  3.1269e+02    1.6158e-10    3.4770e-11 
  3.1420e+02    1.6157e-10    3.4725e-11 
  3.1571e+02    1.6156e-10    3.4680e-11 
  3.1724e+02    1.6155e-10    3.4636e-11 
  3.1877e+02    1.6154e-10    3.4593e-11 
  3.2030e+02    1.6153e-10    3.4549e-11 
  3.2185e+02    1.6153e-10    3.4507e-11 
  3.2340e+02    1.6152e-10    3.4464e-11 
  3.2496e+02    1.6151e-10    3.4422e-11 
  3.2652e+02    1.6150e-10    3.4381e-11 
  3.2810e+02    1.6149e-10    3.4339e-11 
  3.2968e+02    1.6149e-10    3.4299e-11 
  3.3127e+02    1.6148e-10    3.4258e-11 
  3.3287e+02    1.6147e-10    3.4218e-11 
  3.3447e+02    1.6146e-10    3.4179e-11 
  3.3609e+02    1.6145e-10    3.4140e-11 
  3.3771e+02    1.6144e-10    3.4101e-11 
  3.3934e+02    1.6144e-10    3.4063e-11 
  3.4097e+02    1.6143e-10    3.4025e-11 
  3.4262e+02    1.6142e-10    3.3988e-11 
  3.4427e+02    1.6141e-10    3.3951e-11 
  3.4593e+02    1.6140e-10    3.3915e-11 
  3.4760e+02    1.6139e-10    3.3879e-11 
  3.4927e+02    1.6139e-10    3.3843e-11 
  3.5096e+02    1.6138e-10    3.3808e-11 
  3.5265e+02    1.6137e-10    3.3773e-11 
  3.5435e+02    1.6136e-10    3.3739e-11 
  3.5606e+02    1.6135e-10    3.3705e-11 
  3.5777e+02    1.6134e-10    3.3672e-11 
  3.5950e+02    1.6134e-10    3.3639e-11 
  3.6123e+02    1.6133e-10    3.3606e-11 
  3.6297e+02    1.6132e-10    3.3574e-11 
  3.6472e+02    1.6131e-10    3.3543e-11 
  3.6648e+02    1.6130e-10    3.3512e-11 
  3.6825e+02    1.6130e-10    3.3481e-11 
  3.7003e+02    1.6129e-10    3.3451e-11 
  3.7181e+02    1.6128e-10    3.3421e-11 
  3.7360e+02    1.6127e-10    3.3391e-11 
  3.7540e+02    1.6126e-10    3.3363e-11 
  3.7721e+02    1.6125e-10    3.3334e-11 
  3.7903e+02    1.6125e-10    3.3306e-11 
  3.8086e+02    1.6124e-10    3.3279e-11 
  3.8270e+02    1.6123e-10    3.3252e-11 
  3.8454e+02    1.6122e-10    3.3225e-11 
  3.8640e+02    1.6121e-10    3.3199e-11 
  3.8826e+02    1.6120e-10    3.3173e-11 
  3.9013e+02    1.6120e-10    3.3148e-11 
  3.9201e+02    1.6119e-10    3.3123e-11 
  3.9390e+02    1.6118e-10    3.3099e-11 
  3.9580e+02    1.6117e-10    3.3075e-11 
  3.9771e+02    1.6116e-10    3.3052e-11 
  3.9963e+02    1.6115e-10    3.3029e-11 
  4.0156e+02    1.6115e-10    3.3006e-11 
  4.0349e+02    1.6114e-10    3.2984e-11 
  4.0544e+02    1.6113e-10    3.2963e-11 
  4.0739e+02    1.6112e-10    3.2942e-11 
  4.0936e+02    1.6111e-10    3.2921e-11 
  4.1133e+02    1.6111e-10    3.2901e-11 
  4.1332e+02    1.6110e-10    3.2882e-11 
  4.1531e+02    1.6109e-10    3.2862e-11 
  4.1731e+02    1.6108e-10    3.2844e-11 
  4.1932e+02    1.6107e-10    3.2826e-11 
  4.2135e+02    1.6106e-10    3.2808e-11 
  4.2338e+02    1.6106e-10    3.2791e-11 
  4.2542e+02    1.6105e-10    3.2774e-11 
  4.2747e+02    1.6104e-10    3.2758e-11 
  4.2953e+02    1.6103e-10    3.2742e-11 
  4.3160e+02    1.6102e-10    3.2726e-11 
  4.3368e+02    1.6101e-10    3.2712e-11 
  4.3577e+02    1.6101e-10    3.2697e-11 
  4.3788e+02    1.6100e-10    3.2683e-11 
  4.3999e+02    1.6099e-10    3.2670e-11 
  4.4211e+02    1.6098e-10    3.2657e-11 
  4.4424e+02    1.6097e-10    3.2644e-11 
  4.4638e+02    1.6096e-10    3.2632e-11 
  4.4853e+02    1.6096e-10    3.2621e-11 
  4.5070e+02    1.6095e-10    3.2610e-11 
  4.5287e+02    1.6094e-10    3.2599e-11 
  4.5505e+02    1.6093e-10    3.2589e-11 
  4.5725e+02    1.6092e-10    3.2580e-11 
  4.5945e+02    1.6092e-10    3.2571e-11 
  4.6167e+02    1.6091e-10    3.2562e-11 
  4.6390e+02    1.6090e-10    3.2554e-11 
  4.6613e+02    1.6089e-10    3.2546e-11 
  4.6838e+02    1.6088e-10    3.2539e-11 
  4.7064e+02    1.6087e-10    3.2532e-11 
  4.7291e+02    1.6087e-10    3.2526e-11 
  4.7519e+02    1.6086e-10    3.2521e-11 
  4.7748e+02    1.6085e-10    3.2515e-11 
  4.7978e+02    1.6084e-10    3.2511e-11 
  4.8209e+02    1.6083e-10    3.2506e-11 
  4.8442e+02    1.6082e-10    3.2503e-11 
  4.8676e+02    1.6082e-10    3.2499e-11 
  4.8910e+02    1.6081e-10    3.2496e-11 
  4.9146e+02    1.6080e-10    3.2494e-11 
  4.9383e+02    1.6079e-10    3.2492e-11 
  4.9621e+02    1.6078e-10    3.2491e-11 
  4.9860e+02    1.6078e-10    3.2490e-11 
  5.0101e+02    1.6077e-10    3.2490e-11 
  5.0342e+02    1.6076e-10    3.2490e-11 
  5.0585e+02    1.6075e-10    3.2490e-11 
  5.0829e+02    1.6074e-10    3.2491e-11 
  5.1074e+02    1.6073e-10    3.2493e-11 
  5.1320e+02    1.6073e-10    3.2495e-11 
  5.1568e+02    1.6072e-10    3.2497e-11 
  5.1817e+02    1.6071e-10    3.2500e-11 
  5.2066e+02    1.6070e-10    3.2504e-11 
  5.2318e+02    1.6069e-10    3.2508e-11 
  5.2570e+02    1.6068e-10    3.2512e-11 
  5.2823e+02    1.6068e-10    3.2517e-11 
  5.3078e+02    1.6067e-10    3.2523e-11 
  5.3334e+02    1.6066e-10    3.2529e-11 
  5.3591e+02    1.6065e-10    3.2535e-11 
  5.3849e+02    1.6064e-10    3.2542e-11 
  5.4109e+02    1.6064e-10    3.2549e-11 
  5.4370e+02    1.6063e-10    3.2557e-11 
  5.4632e+02    1.6062e-10    3.2565e-11 
  5.4896e+02    1.6061e-10    3.2574e-11 
  5.5160e+02    1.6060e-10    3.2583e-11 
  5.5426e+02    1.6059e-10    3.2593e-11 
  5.5694e+02    1.6059e-10    3.2603e-11 
  5.5962e+02    1.6058e-10    3.2614e-11 
  5.6232e+02    1.6057e-10    3.2625e-11 
  5.6503e+02    1.6056e-10    3.2636e-11 
  5.6776e+02    1.6055e-10    3.2648e-11 
  5.7049e+02    1.6054e-10    3.2661e-11 
  5.7324e+02    1.6054e-10    3.2674e-11 
  5.7601e+02    1.6053e-10    3.2688e-11 
  5.7879e+02    1.6052e-10    3.2702e-11 
  5.8158e+02    1.6051e-10    3.2716e-11 
  5.8438e+02    1.6050e-10    3.2731e-11 
  5.8720e+02    1.6050e-10    3.2746e-11 
  5.9003e+02    1.6049e-10    3.2762e-11 
  5.9288e+02    1.6048e-10    3.2778e-11 
  5.9573e+02    1.6047e-10    3.2795e-11 
  5.9861e+02    1.6046e-10    3.2812e-11 
  6.0149e+02    1.6045e-10    3.2830e-11 
  6.0439e+02    1.6045e-10    3.2848e-11 
  6.0731e+02    1.6044e-10    3.2867e-11 
  6.1024e+02    1.6043e-10    3.2886e-11 
  6.1318e+02    1.6042e-10    3.2906e-11 
  6.1614e+02    1.6041e-10    3.2926e-11 
  6.1911e+02    1.6041e-10    3.2946e-11 
  6.2209e+02    1.6040e-10    3.2967e-11 
  6.2509e+02    1.6039e-10    3.2988e-11 
  6.2811e+02    1.6038e-10    3.3010e-11 
  6.3113e+02    1.6037e-10    3.3032e-11 
  6.3418e+02    1.6036e-10    3.3055e-11 
  6.3724e+02    1.6036e-10    3.3078e-11 
  6.4031e+02    1.6035e-10    3.3102e-11 
  6.4340e+02    1.6034e-10    3.3126e-11 
  6.4650e+02    1.6033e-10    3.3151e-11 
  6.4962e+02    1.6032e-10    3.3176e-11 
  6.5275e+02    1.6031e-10    3.3201e-11 
  6.5589e+02    1.6031e-10    3.3227e-11 
  6.5906e+02    1.6030e-10    3.3253e-11 
  6.6224e+02    1.6029e-10    3.3280e-11 
  6.6543e+02    1.6028e-10    3.3307e-11 
  6.6864e+02    1.6027e-10    3.3335e-11 
  6.7186e+02    1.6027e-10    3.3363e-11 
  6.7510e+02    1.6026e-10    3.3392e-11 
  6.7836e+02    1.6025e-10    3.3421e-11 
  6.8163e+02    1.6024e-10    3.3450e-11 
  6.8491e+02    1.6023e-10    3.3480e-11 
  6.8822e+02    1.6022e-10    3.3510e-11 
  6.9154e+02    1.6022e-10    3.3541e-11 
  6.9487e+02    1.6021e-10    3.3572e-11 
  6.9822e+02    1.6020e-10    3.3604e-11 
  7.0159e+02    1.6019e-10    3.3636e-11 
  7.0497e+02    1.6018e-10    3.3668e-11 
  7.0837e+02    1.6018e-10    3.3701e-11 
  7.1178e+02    1.6017e-10    3.3734e-11 
  7.1522e+02    1.6016e-10    3.3768e-11 
  7.1867e+02    1.6015e-10    3.3802e-11 
  7.2213e+02    1.6014e-10    3.3836e-11 
  7.2561e+02    1.6013e-10    3.3871e-11 
  7.2911e+02    1.6013e-10    3.3907e-11 
  7.3263e+02    1.6012e-10    3.3943e-11 
  7.3616e+02    1.6011e-10    3.3979e-11 
  7.3971e+02    1.6010e-10    3.4015e-11 
  7.4328e+02    1.6009e-10    3.4052e-11 
  7.4686e+02    1.6008e-10    3.4090e-11 
  7.5046e+02    1.6008e-10    3.4128e-11 
  7.5408e+02    1.6007e-10    3.4166e-11 
  7.5772e+02    1.6006e-10    3.4205e-11 
  7.6137e+02    1.6005e-10    3.4244e-11 
  7.6504e+02    1.6004e-10    3.4283e-11 
  7.6873e+02    1.6004e-10    3.4323e-11 
  7.7244e+02    1.6003e-10    3.4363e-11 
  7.7616e+02    1.6002e-10    3.4404e-11 
  7.7990e+02    1.6001e-10    3.4445e-11 
  7.8367e+02    1.6000e-10    3.4486e-11 
  7.8744e+02    1.5999e-10    3.4528e-11 
  7.9124e+02    1.5999e-10    3.4570e-11 
  7.9506e+02    1.5998e-10    3.4613e-11 
  7.9889e+02    1.5997e-10    3.4656e-11 
  8.0274e+02    1.5996e-10    3.4699e-11 
  8.0661e+02    1.5995e-10    3.4743e-11 
  8.1050e+02    1.5995e-10    3.4787e-11 
  8.1441e+02    1.5994e-10    3.4832e-11 
  8.1834e+02    1.5993e-10    3.4877e-11 
  8.2228e+02    1.5992e-10    3.4922e-11 
  8.2625e+02    1.5991e-10    3.4968e-11 
  8.3023e+02    1.5990e-10    3.5014e-11 
  8.3424e+02    1.5990e-10    3.5060e-11 
  8.3826e+02    1.5989e-10    3.5107e-11 
  8.4230e+02    1.5988e-10    3.5154e-11 
  8.4636e+02    1.5987e-10    3.5202e-11 
  8.5044e+02    1.5986e-10    3.5249e-11 
  8.5454e+02    1.5986e-10    3.5298e-11 
  8.5866e+02    1.5985e-10    3.5346e-11 
  8.6280e+02    1.5984e-10    3.5395e-11 
  8.6696e+02    1.5983e-10    3.5445e-11 
  8.7115e+02    1.5982e-10    3.5494e-11 
  8.7535e+02    1.5981e-10    3.5544e-11 
  8.7957e+02    1.5981e-10    3.5595e-11 
  8.8381e+02    1.5980e-10    3.5646e-11 
  8.8807e+02    1.5979e-10    3.5697e-11 
  8.9235e+02    1.5978e-10    3.5748e-11 
  8.9665e+02    1.5977e-10    3.5800e-11 
  9.0098e+02    1.5977e-10    3.5852e-11 
  9.0532e+02    1.5976e-10    3.5905e-11 
  9.0969e+02    1.5975e-10    3.5957e-11 
  9.1407e+02    1.5974e-10    3.6011e-11 
  9.1848e+02    1.5973e-10    3.6064e-11 
  9.2291e+02    1.5972e-10    3.6118e-11 
  9.2736e+02    1.5972e-10    3.6172e-11 
  9.3183e+02    1.5971e-10    3.6227e-11 
  9.3633e+02    1.5970e-10    3.6282e-11 
  9.4084e+02    1.5969e-10    3.6337e-11 
  9.4538e+02    1.5968e-10    3.6393e-11 
  9.4994e+02    1.5968e-10    3.6448e-11 
  9.5452e+02    1.5967e-10    3.6505e-11 
  9.5912e+02    1.5966e-10    3.6561e-11 
  9.6374e+02    1.5965e-10    3.6618e-11 
  9.6839e+02    1.5964e-10    3.6675e-11 
  9.7306e+02    1.5963e-10    3.6733e-11 
  9.7775e+02    1.5963e-10    3.6790e-11 
  9.8247e+02    1.5962e-10    3.6849e-11 
  9.8720e+02    1.5961e-10    3.6907e-11 
  9.9196e+02    1.5960e-10    3.6966e-11 
  9.9675e+02    1.5959e-10    3.7025e-11 
  1.0016e+03    1.5959e-10    3.7084e-11 
  1.0064e+03    1.5958e-10    3.7144e-11 
  1.0112e+03    1.5957e-10    3.7204e-11 
  1.0161e+03    1.5956e-10    3.7264e-11 
  1.0210e+03    1.5955e-10    3.7325e-11 
  1.0259e+03    1.5954e-10    3.7386e-11 
  1.0309e+03    1.5954e-10    3.7447e-11 
  1.0359e+03    1.5953e-10    3.7509e-11 
  1.0408e+03    1.5952e-10    3.7570e-11 
  1.0459e+03    1.5951e-10    3.7633e-11 
  1.0509e+03    1.5950e-10    3.7695e-11 
  1.0560e+03    1.5950e-10    3.7758e-11 
  1.0611e+03    1.5949e-10    3.7821e-11 
  1.0662e+03    1.5948e-10    3.7884e-11 
  1.0713e+03    1.5947e-10    3.7948e-11 
  1.0765e+03    1.5946e-10    3.8011e-11 
  1.0817e+03    1.5945e-10    3.8076e-11 
  1.0869e+03    1.5945e-10    3.8140e-11 
  1.0921e+03    1.5944e-10    3.8205e-11 
  1.0974e+03    1.5943e-10    3.8270e-11 
  1.1027e+03    1.5942e-10    3.8335e-11 
  1.1080e+03    1.5941e-10    3.8401e-11 
  1.1134e+03    1.5941e-10    3.8466e-11 
  1.1187e+03    1.5940e-10    3.8533e-11 
  1.1241e+03    1.5939e-10    3.8599e-11 
  1.1295e+03    1.5938e-10    3.8666e-11 
  1.1350e+03    1.5937e-10    3.8732e-11 
  1.1405e+03    1.5936e-10    3.8800e-11 
  1.1460e+03    1.5936e-10    3.8867e-11 
  1.1515e+03    1.5935e-10    3.8935e-11 
  1.1570e+03    1.5934e-10    3.9003e-11 
  1.1626e+03    1.5933e-10    3.9071e-11 
  1.1682e+03    1.5932e-10    3.9140e-11 
  1.1739e+03    1.5932e-10    3.9208e-11 
  1.1795e+03    1.5931e-10    3.9277e-11 
  1.1852e+03    1.5930e-10    3.9347e-11 
  1.1909e+03    1.5929e-10    3.9416e-11 
  1.1967e+03    1.5928e-10    3.9486e-11 
  1.2024e+03    1.5928e-10    3.9556e-11 
  1.2082e+03    1.5927e-10    3.9626e-11 
  1.2141e+03    1.5926e-10    3.9697e-11 
  1.2199e+03    1.5925e-10    3.9768e-11 
  1.2258e+03    1.5924e-10    3.9839e-11 
  1.2317e+03    1.5923e-10    3.9910e-11 
  1.2376e+03    1.5923e-10    3.9982e-11 
  1.2436e+03    1.5922e-10    4.0053e-11 
  1.2496e+03    1.5921e-10    4.0125e-11 
  1.2556e+03    1.5920e-10    4.0198e-11 
  1.2617e+03    1.5919e-10    4.0270e-11 
  1.2678e+03    1.5919e-10    4.0343e-11 
  1.2739e+03    1.5918e-10    4.0416e-11 
  1.2800e+03    1.5917e-10    4.0489e-11 
  1.2862e+03    1.5916e-10    4.0562e-11 
  1.2924e+03    1.5915e-10    4.0636e-11 
  1.2986e+03    1.5914e-10    4.0710e-11 
  1.3049e+03    1.5914e-10    4.0784e-11 
  1.3112e+03    1.5913e-10    4.0859e-11 
  1.3175e+03    1.5912e-10    4.0933e-11 
  1.3239e+03    1.5911e-10    4.1008e-11 
  1.3302e+03    1.5910e-10    4.1083e-11 
  1.3367e+03    1.5910e-10    4.1158e-11 
  1.3431e+03    1.5909e-10    4.1234e-11 
  1.3496e+03    1.5908e-10    4.1309e-11 
  1.3561e+03    1.5907e-10    4.1385e-11 
  1.3626e+03    1.5906e-10    4.1461e-11 
  1.3692e+03    1.5905e-10    4.1538e-11 
  1.3758e+03    1.5905e-10    4.1614e-11 
  1.3824e+03    1.5904e-10    4.1691e-11 
  1.3891e+03    1.5903e-10    4.1768e-11 
  1.3958e+03    1.5902e-10    4.1845e-11 
  1.4025e+03    1.5901e-10    4.1922e-11 
  1.4093e+03    1.5901e-10    4.2000e-11 
  1.4161e+03    1.5900e-10    4.2078e-11 
  1.4229e+03    1.5899e-10    4.2156e-11 
  1.4298e+03    1.5898e-10    4.2234e-11 
  1.4367e+03    1.5897e-10    4.2313e-11 
  1.4436e+03    1.5897e-10    4.2391e-11 
  1.4506e+03    1.5896e-10    4.2470e-11 
  1.4575e+03    1.5895e-10    4.2549e-11 
  1.4646e+03    1.5894e-10    4.2628e-11 
  1.4716e+03    1.5893e-10    4.2708e-11 
  1.4787e+03    1.5892e-10    4.2787e-11 
  1.4859e+03    1.5892e-10    4.2867e-11 
  1.4930e+03    1.5891e-10    4.2947e-11 
  1.5002e+03    1.5890e-10    4.3027e-11 
  1.5075e+03    1.5889e-10    4.3108e-11 
  1.5147e+03    1.5888e-10    4.3188e-11 
  1.5220e+03    1.5888e-10    4.3269e-11 
  1.5294e+03    1.5887e-10    4.3350e-11 
  1.5367e+03    1.5886e-10    4.3431e-11 
  1.5442e+03    1.5885e-10    4.3512e-11 
  1.5516e+03    1.5884e-10    4.3594e-11 
  1.5591e+03    1.5883e-10    4.3675e-11 
  1.5666e+03    1.5883e-10    4.3757e-11 
  1.5742e+03    1.5882e-10    4.3839e-11 
  1.5817e+03    1.5881e-10    4.3921e-11 
  1.5894e+03    1.5880e-10    4.4004e-11 
  1.5970e+03    1.5879e-10    4.4086e-11 
  1.6047e+03    1.5879e-10    4.4169e-11 
  1.6125e+03    1.5878e-10    4.4252e-11 
  1.6203e+03    1.5877e-10    4.4335e-11 
  1.6281e+03    1.5876e-10    4.4418e-11 
  1.6359e+03    1.5875e-10    4.4502e-11 
  1.6438e+03    1.5875e-10    4.4585e-11 
  1.6517e+03    1.5874e-10    4.4669e-11 
  1.6597e+03    1.5873e-10    4.4753e-11 
  1.6677e+03    1.5872e-10    4.4837e-11 
  1.6757e+03    1.5871e-10    4.4922e-11 
  1.6838e+03    1.5870e-10    4.5006e-11 
  1.6919e+03    1.5870e-10    4.5091e-11 
  1.7001e+03    1.5869e-10    4.5175e-11 
  1.7083e+03    1.5868e-10    4.5260e-11 
  1.7165e+03    1.5867e-10    4.5345e-11 
  1.7248e+03    1.5866e-10    4.5431e-11 
  1.7331e+03    1.5866e-10    4.5516e-11 
  1.7415e+03    1.5865e-10    4.5602e-11 
  1.7499e+03    1.5864e-10    4.5687e-11 
  1.7583e+03    1.5863e-10    4.5773e-11 
  1.7668e+03    1.5862e-10    4.5859e-11 
  1.7753e+03    1.5862e-10    4.5945e-11 
  1.7839e+03    1.5861e-10    4.6032e-11 
  1.7925e+03    1.5860e-10    4.6118e-11 
  1.8011e+03    1.5859e-10    4.6205e-11 
  1.8098e+03    1.5858e-10    4.6292e-11 
  1.8185e+03    1.5857e-10    4.6379e-11 
  1.8273e+03    1.5857e-10    4.6466e-11 
  1.8361e+03    1.5856e-10    4.6553e-11 
  1.8450e+03    1.5855e-10    4.6640e-11 
  1.8539e+03    1.5854e-10    4.6728e-11 
  1.8628e+03    1.5853e-10    4.6816e-11 
  1.8718e+03    1.5853e-10    4.6903e-11 
  1.8808e+03    1.5852e-10    4.6991e-11 
  1.8899e+03    1.5851e-10    4.7079e-11 
  1.8990e+03    1.5850e-10    4.7168e-11 
  1.9081e+03    1.5849e-10    4.7256e-11 
  1.9173e+03    1.5849e-10    4.7345e-11 
  1.9266e+03    1.5848e-10    4.7433e-11 
  1.9359e+03    1.5847e-10    4.7522e-11 
  1.9452e+03    1.5846e-10    4.7611e-11 
  1.9546e+03    1.5845e-10    4.7700e-11 
  1.9640e+03    1.5844e-10    4.7789e-11 
  1.9735e+03    1.5844e-10    4.7879e-11 
  1.9830e+03    1.5843e-10    4.7968e-11 
  1.9926e+03    1.5842e-10    4.8058e-11 
  2.0022e+03    1.5841e-10    4.8147e-11 
  2.0118e+03    1.5840e-10    4.8237e-11 
  2.0215e+03    1.5840e-10    4.8327e-11 
  2.0313e+03    1.5839e-10    4.8417e-11 
  2.0411e+03    1.5838e-10    4.8508e-11 
  2.0509e+03    1.5837e-10    4.8598e-11 
  2.0608e+03    1.5836e-10    4.8689e-11 
  2.0707e+03    1.5836e-10    4.8779e-11 
  2.0807e+03    1.5835e-10    4.8870e-11 
  2.0908e+03    1.5834e-10    4.8961e-11 
  2.1008e+03    1.5833e-10    4.9052e-11 
  2.1110e+03    1.5832e-10    4.9143e-11 
  2.1212e+03    1.5832e-10    4.9234e-11 
  2.1314e+03    1.5831e-10    4.9326e-11 
  2.1417e+03    1.5830e-10    4.9417e-11 
  2.1520e+03    1.5829e-10    4.9509e-11 
  2.1624e+03    1.5828e-10    4.9601e-11 
  2.1728e+03    1.5827e-10    4.9692e-11 
  2.1833e+03    1.5827e-10    4.9784e-11 
  2.1938e+03    1.5826e-10    4.9876e-11 
  2.2044e+03    1.5825e-10    4.9969e-11 
  2.2150e+03    1.5824e-10    5.0061e-11 
  2.2257e+03    1.5823e-10    5.0153e-11 
  2.2364e+03    1.5823e-10    5.0246e-11 
  2.2472e+03    1.5822e-10    5.0339e-11 
  2.2580e+03    1.5821e-10    5.0431e-11 
  2.2689e+03    1.5820e-10    5.0524e-11 
  2.2799e+03    1.5819e-10    5.0617e-11 
  2.2909e+03    1.5819e-10    5.0710e-11 
  2.3019e+03    1.5818e-10    5.0804e-11 
  2.3130e+03    1.5817e-10    5.0897e-11 
  2.3242e+03    1.5816e-10    5.0990e-11 
  2.3354e+03    1.5815e-10    5.1084e-11 
  2.3466e+03    1.5814e-10    5.1178e-11 
  2.3579e+03    1.5814e-10    5.1271e-11 
  2.3693e+03    1.5813e-10    5.1365e-11 
  2.3807e+03    1.5812e-10    5.1459e-11 
  2.3922e+03    1.5811e-10    5.1553e-11 
  2.4037e+03    1.5810e-10    5.1647e-11 
  2.4153e+03    1.5810e-10    5.1742e-11 
  2.4270e+03    1.5809e-10    5.1836e-11 
  2.4387e+03    1.5808e-10    5.1931e-11 
  2.4504e+03    1.5807e-10    5.2025e-11 
  2.4623e+03    1.5806e-10    5.2120e-11 
  2.4741e+03    1.5806e-10    5.2215e-11 
  2.4861e+03    1.5805e-10    5.2309e-11 
  2.4981e+03    1.5804e-10    5.2404e-11 
  2.5101e+03    1.5803e-10    5.2499e-11 
  2.5222e+03    1.5802e-10    5.2595e-11 
  2.5344e+03    1.5802e-10    5.2690e-11 
  2.5466e+03    1.5801e-10    5.2785e-11 
  2.5589e+03    1.5800e-10    5.2881e-11 
  2.5712e+03    1.5799e-10    5.2976e-11 
  2.5836e+03    1.5798e-10    5.3072e-11 
  2.5961e+03    1.5797e-10    5.3168e-11 
  2.6086e+03    1.5797e-10    5.3264e-11 
  2.6212e+03    1.5796e-10    5.3359e-11 
  2.6338e+03    1.5795e-10    5.3455e-11 
  2.6465e+03    1.5794e-10    5.3552e-11 
  2.6593e+03    1.5793e-10    5.3648e-11 
  2.6721e+03    1.5793e-10    5.3744e-11 
  2.6850e+03    1.5792e-10    5.3840e-11 
  2.6979e+03    1.5791e-10    5.3937e-11 
  2.7109e+03    1.5790e-10    5.4033e-11 
  2.7240e+03    1.5789e-10    5.4130e-11 
  2.7371e+03    1.5789e-10    5.4227e-11 
  2.7503e+03    1.5788e-10    5.4324e-11 
  2.7636e+03    1.5787e-10    5.4421e-11 
  2.7769e+03    1.5786e-10    5.4518e-11 
  2.7903e+03    1.5785e-10    5.4615e-11 
  2.8038e+03    1.5785e-10    5.4712e-11 
  2.8173e+03    1.5784e-10    5.4809e-11 
  2.8309e+03    1.5783e-10    5.4906e-11 
  2.8445e+03    1.5782e-10    5.5004e-11 
  2.8582e+03    1.5781e-10    5.5101e-11 
  2.8720e+03    1.5780e-10    5.5199e-11 
  2.8859e+03    1.5780e-10    5.5297e-11 
  2.8998e+03    1.5779e-10    5.5394e-11 
  2.9137e+03    1.5778e-10    5.5492e-11 
  2.9278e+03    1.5777e-10    5.5590e-11 
  2.9419e+03    1.5776e-10    5.5688e-11 
  2.9561e+03    1.5776e-10    5.5786e-11 
  2.9704e+03    1.5775e-10    5.5884e-11 
  2.9847e+03    1.5774e-10    5.5982e-11 
  2.9991e+03    1.5773e-10    5.6081e-11 
  3.0135e+03    1.5772e-10    5.6179e-11 
  3.0281e+03    1.5772e-10    5.6277e-11 
  3.0427e+03    1.5771e-10    5.6376e-11 
  3.0573e+03    1.5770e-10    5.6475e-11 
  3.0721e+03    1.5769e-10    5.6573e-11 
  3.0869e+03    1.5768e-10    5.6672e-11 
  3.1018e+03    1.5768e-10    5.6771e-11 
  3.1167e+03    1.5767e-10    5.6870e-11 
  3.1318e+03    1.5766e-10    5.6969e-11 
  3.1469e+03    1.5765e-10    5.7068e-11 
  3.1620e+03    1.5764e-10    5.7167e-11 
  3.1773e+03    1.5764e-10    5.7266e-11 
  3.1926e+03    1.5763e-10    5.7365e-11 
  3.2080e+03    1.5762e-10    5.7465e-11 
  3.2235e+03    1.5761e-10    5.7564e-11 
  3.2390e+03    1.5760e-10    5.7663e-11 
  3.2546e+03    1.5759e-10    5.7763e-11 
  3.2703e+03    1.5759e-10    5.7863e-11 
  3.2861e+03    1.5758e-10    5.7962e-11 
  3.3019e+03    1.5757e-10    5.8062e-11 
  3.3179e+03    1.5756e-10    5.8162e-11 
  3.3339e+03    1.5755e-10    5.8262e-11 
  3.3499e+03    1.5755e-10    5.8362e-11 
  3.3661e+03    1.5754e-10    5.8462e-11 
  3.3823e+03    1.5753e-10    5.8562e-11 
  3.3986e+03    1.5752e-10    5.8662e-11 
  3.4150e+03    1.5751e-10    5.8762e-11 
  3.4315e+03    1.5751e-10    5.8862e-11 
  3.4480e+03    1.5750e-10    5.8963e-11 
  3.4647e+03    1.5749e-10    5.9063e-11 
  3.4814e+03    1.5748e-10    5.9163e-11 
  3.4981e+03    1.5747e-10    5.9264e-11 
  3.5150e+03    1.5747e-10    5.9365e-11 
  3.5320e+03    1.5746e-10    5.9465e-11 
  3.5490e+03    1.5745e-10    5.9566e-11 
  3.5661e+03    1.5744e-10    5.9667e-11 
  3.5833e+03    1.5743e-10    5.9768e-11 
  3.6006e+03    1.5743e-10    5.9868e-11 
  3.6179e+03    1.5742e-10    5.9969e-11 
  3.6354e+03    1.5741e-10    6.0070e-11 
  3.6529e+03    1.5740e-10    6.0172e-11 
  3.6705e+03    1.5739e-10    6.0273e-11 
  3.6882e+03    1.5739e-10    6.0374e-11 
  3.7060e+03    1.5738e-10    6.0475e-11 
  3.7239e+03    1.5737e-10    6.0576e-11 
  3.7418e+03    1.5736e-10    6.0678e-11 
  3.7599e+03    1.5735e-10    6.0779e-11 
  3.7780e+03    1.5734e-10    6.0881e-11 
  3.7962e+03    1.5734e-10    6.0982e-11 
  3.8145e+03    1.5733e-10    6.1084e-11 
  3.8329e+03    1.5732e-10    6.1186e-11 
  3.8514e+03    1.5731e-10    6.1287e-11 
  3.8700e+03    1.5730e-10    6.1389e-11 
  3.8886e+03    1.5730e-10    6.1491e-11 
  3.9074e+03    1.5729e-10    6.1593e-11 
  3.9262e+03    1.5728e-10    6.1695e-11 
  3.9452e+03    1.5727e-10    6.1797e-11 
  3.9642e+03    1.5726e-10    6.1899e-11 
  3.9833e+03    1.5726e-10    6.2001e-11 
  4.0025e+03    1.5725e-10    6.2103e-11 
  4.0218e+03    1.5724e-10    6.2205e-11 
  4.0412e+03    1.5723e-10    6.2307e-11 
  4.0607e+03    1.5722e-10    6.2410e-11 
  4.0803e+03    1.5722e-10    6.2512e-11 
  4.0999e+03    1.5721e-10    6.2614e-11 
  4.1197e+03    1.5720e-10    6.2717e-11 
  4.1396e+03    1.5719e-10    6.2819e-11 
  4.1595e+03    1.5718e-10    6.2922e-11 
  4.1796e+03    1.5718e-10    6.3025e-11 
  4.1997e+03    1.5717e-10    6.3127e-11 
  4.2200e+03    1.5716e-10    6.3230e-11 
  4.2403e+03    1.5715e-10    6.3333e-11 
  4.2608e+03    1.5714e-10    6.3436e-11 
  4.2813e+03    1.5714e-10    6.3538e-11 
  4.3020e+03    1.5713e-10    6.3641e-11 
  4.3227e+03    1.5712e-10    6.3744e-11 
  4.3436e+03    1.5711e-10    6.3847e-11 
  4.3645e+03    1.5710e-10    6.3950e-11 
  4.3856e+03    1.5710e-10    6.4053e-11 
  4.4067e+03    1.5709e-10    6.4157e-11 
  4.4280e+03    1.5708e-10    6.4260e-11 
  4.4493e+03    1.5707e-10    6.4363e-11 
  4.4708e+03    1.5706e-10    6.4466e-11 
  4.4923e+03    1.5705e-10    6.4570e-11 
  4.5140e+03    1.5705e-10    6.4673e-11 
  4.5357e+03    1.5704e-10    6.4776e-11 
  4.5576e+03    1.5703e-10    6.4880e-11 
  4.5796e+03    1.5702e-10    6.4983e-11 
  4.6017e+03    1.5701e-10    6.5087e-11 
  4.6239e+03    1.5701e-10    6.5190e-11 
  4.6462e+03    1.5700e-10    6.5294e-11 
  4.6686e+03    1.5699e-10    6.5398e-11 
  4.6911e+03    1.5698e-10    6.5501e-11 
  4.7137e+03    1.5697e-10    6.5605e-11 
  4.7364e+03    1.5697e-10    6.5709e-11 
  4.7593e+03    1.5696e-10    6.5813e-11 
  4.7822e+03    1.5695e-10    6.5917e-11 
  4.8053e+03    1.5694e-10    6.6021e-11 
  4.8284e+03    1.5693e-10    6.6125e-11 
  4.8517e+03    1.5693e-10    6.6229e-11 
  4.8751e+03    1.5692e-10    6.6333e-11 
  4.8986e+03    1.5691e-10    6.6437e-11 
  4.9222e+03    1.5690e-10    6.6541e-11 
  4.9460e+03    1.5689e-10    6.6645e-11 
  4.9698e+03    1.5689e-10    6.6749e-11 
  4.9938e+03    1.5688e-10    6.6854e-11 
  5.0179e+03    1.5687e-10    6.6958e-11 
  5.0421e+03    1.5686e-10    6.7062e-11 
  5.0664e+03    1.5685e-10    6.7167e-11 
  5.0908e+03    1.5685e-10    6.7271e-11 
  5.1154e+03    1.5684e-10    6.7376e-11 
  5.1400e+03    1.5683e-10    6.7480e-11 
  5.1648e+03    1.5682e-10    6.7585e-11 
  5.1897e+03    1.5681e-10    6.7689e-11 
  5.2147e+03    1.5681e-10    6.7794e-11 
  5.2399e+03    1.5680e-10    6.7898e-11 
  5.2651e+03    1.5679e-10    6.8003e-11 
  5.2905e+03    1.5678e-10    6.8108e-11 
  5.3160e+03    1.5677e-10    6.8213e-11 
  5.3417e+03    1.5677e-10    6.8317e-11 
  5.3674e+03    1.5676e-10    6.8422e-11 
  5.3933e+03    1.5675e-10    6.8527e-11 
  5.4193e+03    1.5674e-10    6.8632e-11 
  5.4455e+03    1.5673e-10    6.8737e-11 
  5.4717e+03    1.5673e-10    6.8842e-11 
  5.4981e+03    1.5672e-10    6.8947e-11 
  5.5246e+03    1.5671e-10    6.9052e-11 
  5.5512e+03    1.5670e-10    6.9157e-11 
  5.5780e+03    1.5669e-10    6.9262e-11 
  5.6049e+03    1.5669e-10    6.9367e-11 
  5.6319e+03    1.5668e-10    6.9472e-11 
  5.6591e+03    1.5667e-10    6.9578e-11 
  5.6864e+03    1.5666e-10    6.9683e-11 
  5.7138e+03    1.5665e-10    6.9788e-11 
  5.7413e+03    1.5664e-10    6.9893e-11 
  5.7690e+03    1.5664e-10    6.9999e-11 
  5.7969e+03    1.5663e-10    7.0104e-11 
  5.8248e+03    1.5662e-10    7.0210e-11 
  5.8529e+03    1.5661e-10    7.0315e-11 
  5.8811e+03    1.5660e-10    7.0420e-11 
  5.9095e+03    1.5660e-10    7.0526e-11 
  5.9380e+03    1.5659e-10    7.0632e-11 
  5.9666e+03    1.5658e-10    7.0737e-11 
  5.9954e+03    1.5657e-10    7.0843e-11 
  6.0243e+03    1.5656e-10    7.0948e-11 
  6.0533e+03    1.5656e-10    7.1054e-11 
  6.0825e+03    1.5655e-10    7.1160e-11 
  6.1118e+03    1.5654e-10    7.1265e-11 
  6.1413e+03    1.5653e-10    7.1371e-11 
  6.1709e+03    1.5652e-10    7.1477e-11 
  6.2007e+03    1.5652e-10    7.1583e-11 
  6.2306e+03    1.5651e-10    7.1689e-11 
  6.2606e+03    1.5650e-10    7.1794e-11 
  6.2908e+03    1.5649e-10    7.1900e-11 
  6.3211e+03    1.5648e-10    7.2006e-11 
  6.3516e+03    1.5648e-10    7.2112e-11 
  6.3823e+03    1.5647e-10    7.2218e-11 
  6.4130e+03    1.5646e-10    7.2324e-11 
  6.4439e+03    1.5645e-10    7.2430e-11 
  6.4750e+03    1.5644e-10    7.2536e-11 
  6.5062e+03    1.5644e-10    7.2642e-11 
  6.5376e+03    1.5643e-10    7.2749e-11 
  6.5691e+03    1.5642e-10    7.2855e-11 
  6.6008e+03    1.5641e-10    7.2961e-11 
  6.6326e+03    1.5640e-10    7.3067e-11 
  6.6646e+03    1.5640e-10    7.3173e-11 
  6.6968e+03    1.5639e-10    7.3280e-11 
  6.7291e+03    1.5638e-10    7.3386e-11 
  6.7615e+03    1.5637e-10    7.3492e-11 
  6.7941e+03    1.5636e-10    7.3599e-11 
  6.8269e+03    1.5636e-10    7.3705e-11 
  6.8598e+03    1.5635e-10    7.3811e-11 
  6.8929e+03    1.5634e-10    7.3918e-11 
  6.9261e+03    1.5633e-10    7.4024e-11 
  6.9595e+03    1.5632e-10    7.4131e-11 
  6.9930e+03    1.5632e-10    7.4237e-11 
  7.0268e+03    1.5631e-10    7.4344e-11 
  7.0607e+03    1.5630e-10    7.4450e-11 
  7.0947e+03    1.5629e-10    7.4557e-11 
  7.1289e+03    1.5628e-10    7.4663e-11 
  7.1633e+03    1.5628e-10    7.4770e-11 
  7.1978e+03    1.5627e-10    7.4877e-11 
  7.2325e+03    1.5626e-10    7.4983e-11 
  7.2674e+03    1.5625e-10    7.5090e-11 
  7.3024e+03    1.5624e-10    7.5197e-11 
  7.3377e+03    1.5624e-10    7.5303e-11 
  7.3730e+03    1.5623e-10    7.5410e-11 
  7.4086e+03    1.5622e-10    7.5517e-11 
  7.4443e+03    1.5621e-10    7.5624e-11 
  7.4802e+03    1.5620e-10    7.5731e-11 
  7.5163e+03    1.5620e-10    7.5837e-11 
  7.5525e+03    1.5619e-10    7.5944e-11 
  7.5889e+03    1.5618e-10    7.6051e-11 
  7.6255e+03    1.5617e-10    7.6158e-11 
  7.6623e+03    1.5616e-10    7.6265e-11 
  7.6993e+03    1.5616e-10    7.6372e-11 
  7.7364e+03    1.5615e-10    7.6479e-11 
  7.7737e+03    1.5614e-10    7.6586e-11 
  7.8112e+03    1.5613e-10    7.6693e-11 
  7.8488e+03    1.5612e-10    7.6800e-11 
  7.8867e+03    1.5612e-10    7.6907e-11 
  7.9247e+03    1.5611e-10    7.7014e-11 
  7.9629e+03    1.5610e-10    7.7121e-11 
  8.0013e+03    1.5609e-10    7.7229e-11 
  8.0399e+03    1.5608e-10    7.7336e-11 
  8.0787e+03    1.5608e-10    7.7443e-11 
  8.1176e+03    1.5607e-10    7.7550e-11 
  8.1568e+03    1.5606e-10    7.7657e-11 
  8.1961e+03    1.5605e-10    7.7765e-11 
  8.2356e+03    1.5604e-10    7.7872e-11 
  8.2753e+03    1.5604e-10    7.7979e-11 
  8.3152e+03    1.5603e-10    7.8086e-11 
  8.3553e+03    1.5602e-10    7.8194e-11 
  8.3956e+03    1.5601e-10    7.8301e-11 
  8.4361e+03    1.5600e-10    7.8408e-11 
  8.4768e+03    1.5600e-10    7.8516e-11 
  8.5176e+03    1.5599e-10    7.8623e-11 
  8.5587e+03    1.5598e-10    7.8731e-11 
  8.6000e+03    1.5597e-10    7.8838e-11 
  8.6414e+03    1.5596e-10    7.8946e-11 
  8.6831e+03    1.5596e-10    7.9053e-11 
  8.7250e+03    1.5595e-10    7.9160e-11 
  8.7671e+03    1.5594e-10    7.9268e-11 
  8.8093e+03    1.5593e-10    7.9376e-11 
  8.8518e+03    1.5592e-10    7.9483e-11 
  8.8945e+03    1.5592e-10    7.9591e-11 
  8.9374e+03    1.5591e-10    7.9698e-11 
  8.9805e+03    1.5590e-10    7.9806e-11 
  9.0238e+03    1.5589e-10    7.9913e-11 
  9.0673e+03    1.5588e-10    8.0021e-11 
  9.1110e+03    1.5588e-10    8.0129e-11 
  9.1549e+03    1.5587e-10    8.0236e-11 
  9.1991e+03    1.5586e-10    8.0344e-11 
  9.2434e+03    1.5585e-10    8.0452e-11 
  9.2880e+03    1.5584e-10    8.0560e-11 
  9.3328e+03    1.5584e-10    8.0667e-11 
  9.3778e+03    1.5583e-10    8.0775e-11 
  9.4230e+03    1.5582e-10    8.0883e-11 
  9.4685e+03    1.5581e-10    8.0991e-11 
  9.5141e+03    1.5580e-10    8.1098e-11 
  9.5600e+03    1.5580e-10    8.1206e-11 
  9.6061e+03    1.5579e-10    8.1314e-11 
  9.6524e+03    1.5578e-10    8.1422e-11 
  9.6990e+03    1.5577e-10    8.1530e-11 
  9.7457e+03    1.5576e-10    8.1638e-11 
  9.7927e+03    1.5576e-10    8.1746e-11 
  9.8399e+03    1.5575e-10    8.1853e-11 
  9.8874e+03    1.5574e-10    8.1961e-11 
  9.9351e+03    1.5573e-10    8.2069e-11 
  9.9830e+03    1.5572e-10    8.2177e-11 
  1.0031e+04    1.5572e-10    8.2285e-11 
  1.0079e+04    1.5571e-10    8.2393e-11 
  1.0128e+04    1.5570e-10    8.2501e-11 
  1.0177e+04    1.5569e-10    8.2609e-11 
  1.0226e+04    1.5568e-10    8.2717e-11 
  1.0275e+04    1.5568e-10    8.2825e-11 
  1.0325e+04    1.5567e-10    8.2933e-11 
  1.0375e+04    1.5566e-10    8.3041e-11 
  1.0425e+04    1.5565e-10    8.3150e-11 
  1.0475e+04    1.5565e-10    8.3258e-11 
  1.0525e+04    1.5564e-10    8.3366e-11 
  1.0576e+04    1.5563e-10    8.3474e-11 
  1.0627e+04    1.5562e-10    8.3582e-11 
  1.0678e+04    1.5561e-10    8.3690e-11 
  1.0730e+04    1.5561e-10    8.3798e-11 
  1.0782e+04    1.5560e-10    8.3907e-11 
  1.0834e+04    1.5559e-10    8.4015e-11 
  1.0886e+04    1.5558e-10    8.4123e-11 
  1.0938e+04    1.5557e-10    8.4231e-11 
  1.0991e+04    1.5557e-10    8.4340e-11 
  1.1044e+04    1.5556e-10    8.4448e-11 
  1.1097e+04    1.5555e-10    8.4556e-11 
  1.1151e+04    1.5554e-10    8.4664e-11 
  1.1205e+04    1.5553e-10    8.4773e-11 
  1.1259e+04    1.5553e-10    8.4881e-11 
  1.1313e+04    1.5552e-10    8.4989e-11 
  1.1367e+04    1.5551e-10    8.5097e-11 
  1.1422e+04    1.5550e-10    8.5206e-11 
  1.1477e+04    1.5549e-10    8.5314e-11 
  1.1533e+04    1.5549e-10    8.5422e-11 
  1.1588e+04    1.5548e-10    8.5531e-11 
  1.1644e+04    1.5547e-10    8.5639e-11 
  1.1700e+04    1.5546e-10    8.5748e-11 
  1.1757e+04    1.5545e-10    8.5856e-11 
  1.1813e+04    1.5545e-10    8.5964e-11 
  1.1870e+04    1.5544e-10    8.6073e-11 
  1.1928e+04    1.5543e-10    8.6181e-11 
  1.1985e+04    1.5542e-10    8.6289e-11 
  1.2043e+04    1.5541e-10    8.6398e-11 
  1.2101e+04    1.5540e-10    8.6506e-11 
  1.2159e+04    1.5540e-10    8.6615e-11 
  1.2218e+04    1.5539e-10    8.6723e-11 
  1.2277e+04    1.5538e-10    8.6831e-11 
  1.2336e+04    1.5537e-10    8.6940e-11 
  1.2396e+04    1.5536e-10    8.7048e-11 
  1.2455e+04    1.5536e-10    8.7156e-11 
  1.2515e+04    1.5535e-10    8.7265e-11 
  1.2576e+04    1.5534e-10    8.7373e-11 
  1.2636e+04    1.5533e-10    8.7481e-11 
  1.2697e+04    1.5532e-10    8.7589e-11 
  1.2759e+04    1.5531e-10    8.7697e-11 
  1.2820e+04    1.5530e-10    8.7805e-11 
  1.2882e+04    1.5529e-10    8.7914e-11 
  1.2944e+04    1.5529e-10    8.8022e-11 
  1.3006e+04    1.5528e-10    8.8130e-11 
  1.3069e+04    1.5527e-10    8.8238e-11 
  1.3132e+04    1.5526e-10    8.8346e-11 
  1.3196e+04    1.5525e-10    8.8455e-11 
  1.3259e+04    1.5524e-10    8.8563e-11 
  1.3323e+04    1.5523e-10    8.8671e-11 
  1.3387e+04    1.5522e-10    8.8779e-11 
  1.3452e+04    1.5522e-10    8.8887e-11 
  1.3517e+04    1.5521e-10    8.8995e-11 
  1.3582e+04    1.5520e-10    8.9103e-11 
  1.3647e+04    1.5519e-10    8.9211e-11 
  1.3713e+04    1.5518e-10    8.9319e-11 
  1.3779e+04    1.5517e-10    8.9427e-11 
  1.3846e+04    1.5516e-10    8.9534e-11 
  1.3913e+04    1.5515e-10    8.9642e-11 
  1.3980e+04    1.5514e-10    8.9750e-11 
  1.4047e+04    1.5513e-10    8.9857e-11 
  1.4115e+04    1.5512e-10    8.9965e-11 
  1.4183e+04    1.5511e-10    9.0072e-11 
  1.4251e+04    1.5510e-10    9.0179e-11 
  1.4320e+04    1.5509e-10    9.0286e-11 
  1.4389e+04    1.5508e-10    9.0393e-11 
  1.4458e+04    1.5506e-10    9.0500e-11 
  1.4528e+04    1.5505e-10    9.0607e-11 
  1.4598e+04    1.5504e-10    9.0715e-11 
  1.4669e+04    1.5503e-10    9.0822e-11 
  1.4739e+04    1.5502e-10    9.0929e-11 
  1.4810e+04    1.5501e-10    9.1037e-11 
  1.4882e+04    1.5500e-10    9.1144e-11 
  1.4954e+04    1.5499e-10    9.1251e-11 
  1.5026e+04    1.5498e-10    9.1358e-11 
  1.5098e+04    1.5497e-10    9.1465e-11 
  1.5171e+04    1.5496e-10    9.1572e-11 
  1.5244e+04    1.5494e-10    9.1678e-11 
  1.5318e+04    1.5493e-10    9.1785e-11 
  1.5391e+04    1.5492e-10    9.1892e-11 
  1.5466e+04    1.5491e-10    9.1998e-11 
  1.5540e+04    1.5490e-10    9.2105e-11 
  1.5615e+04    1.5488e-10    9.2211e-11 
  1.5690e+04    1.5487e-10    9.2317e-11 
  1.5766e+04    1.5486e-10    9.2423e-11 
  1.5842e+04    1.5485e-10    9.2529e-11 
  1.5918e+04    1.5483e-10    9.2634e-11 
  1.5995e+04    1.5482e-10    9.2740e-11 
  1.6072e+04    1.5481e-10    9.2845e-11 
  1.6150e+04    1.5479e-10    9.2951e-11 
  1.6228e+04    1.5478e-10    9.3056e-11 
  1.6306e+04    1.5476e-10    9.3161e-11 
  1.6385e+04    1.5475e-10    9.3265e-11 
  1.6464e+04    1.5473e-10    9.3370e-11 
  1.6543e+04    1.5472e-10    9.3474e-11 
  1.6623e+04    1.5470e-10    9.3578e-11 
  1.6703e+04    1.5468e-10    9.3682e-11 
  1.6783e+04    1.5467e-10    9.3785e-11 
  1.6864e+04    1.5465e-10    9.3888e-11 
  1.6946e+04    1.5463e-10    9.3991e-11 
  1.7027e+04    1.5461e-10    9.4094e-11 
  1.7110e+04    1.5460e-10    9.4196e-11 
  1.7192e+04    1.5458e-10    9.4298e-11 
  1.7275e+04    1.5456e-10    9.4400e-11 
  1.7358e+04    1.5454e-10    9.4501e-11 
  1.7442e+04    1.5452e-10    9.4602e-11 
  1.7526e+04    1.5449e-10    9.4703e-11 
  1.7611e+04    1.5447e-10    9.4803e-11 
  1.7695e+04    1.5445e-10    9.4902e-11 
  1.7781e+04    1.5442e-10    9.5002e-11 
  1.7866e+04    1.5440e-10    9.5100e-11 
  1.7953e+04    1.5438e-10    9.5199e-11 
  1.8039e+04    1.5435e-10    9.5296e-11 
  1.8126e+04    1.5432e-10    9.5394e-11 
  1.8214e+04    1.5429e-10    9.5490e-11 
  1.8301e+04    1.5427e-10    9.5586e-11 
  1.8390e+04    1.5424e-10    9.5682e-11 
  1.8478e+04    1.5421e-10    9.5776e-11 
  1.8567e+04    1.5418e-10    9.5874e-11 
  1.8657e+04    1.5415e-10    9.5971e-11 
  1.8747e+04    1.5413e-10    9.6069e-11 
  1.8837e+04    1.5410e-10    9.6165e-11 
  1.8928e+04    1.5407e-10    9.6262e-11 
  1.9019e+04    1.5404e-10    9.6358e-11 
  1.9111e+04    1.5402e-10    9.6453e-11 
  1.9203e+04    1.5399e-10    9.6548e-11 
  1.9296e+04    1.5396e-10    9.6643e-11 
  1.9389e+04    1.5392e-10    9.6737e-11 
  1.9482e+04    1.5389e-10    9.6830e-11 
  1.9576e+04    1.5386e-10    9.6923e-11 
  1.9671e+04    1.5382e-10    9.7015e-11 
  1.9766e+04    1.5379e-10    9.7107e-11 
  1.9861e+04    1.5375e-10    9.7198e-11 
  1.9957e+04    1.5372e-10    9.7288e-11 
  2.0053e+04    1.5368e-10    9.7378e-11 
  2.0150e+04    1.5364e-10    9.7467e-11 
  2.0247e+04    1.5360e-10    9.7555e-11 
  2.0344e+04    1.5356e-10    9.7643e-11 
  2.0442e+04    1.5352e-10    9.7730e-11 
  2.0541e+04    1.5348e-10    9.7816e-11 
  2.0640e+04    1.5343e-10    9.7901e-11 
  2.0740e+04    1.5339e-10    9.7985e-11 
  2.0840e+04    1.5334e-10    9.8069e-11 
  2.0940e+04    1.5330e-10    9.8155e-11 
  2.1041e+04    1.5326e-10    9.8243e-11 
  2.1143e+04    1.5322e-10    9.8331e-11 
  2.1244e+04    1.5318e-10    9.8418e-11 
  2.1347e+04    1.5313e-10    9.8504e-11 
  2.1450e+04    1.5309e-10    9.8590e-11 
  2.1553e+04    1.5305e-10    9.8676e-11 
  2.1657e+04    1.5300e-10    9.8760e-11 
  2.1762e+04    1.5296e-10    9.8844e-11 
  2.1867e+04    1.5291e-10    9.8928e-11 
  2.1972e+04    1.5286e-10    9.9010e-11 
  2.2078e+04    1.5282e-10    9.9092e-11 
  2.2184e+04    1.5277e-10    9.9173e-11 
  2.2291e+04    1.5272e-10    9.9254e-11 
  2.2399e+04    1.5266e-10    9.9334e-11 
  2.2507e+04    1.5261e-10    9.9412e-11 
  2.2615e+04    1.5256e-10    9.9491e-11 
  2.2724e+04    1.5250e-10    9.9568e-11 
  2.2834e+04    1.5245e-10    9.9644e-11 
  2.2944e+04    1.5239e-10    9.9720e-11 
  2.3055e+04    1.5233e-10    9.9794e-11 
  2.3166e+04    1.5227e-10    9.9868e-11 
  2.3278e+04    1.5221e-10    9.9941e-11 
  2.3390e+04    1.5215e-10    1.0001e-10 
  2.3503e+04    1.5208e-10    1.0008e-10 
  2.3616e+04    1.5202e-10    1.0015e-10 
  2.3730e+04    1.5196e-10    1.0023e-10 
  2.3844e+04    1.5191e-10    1.0031e-10 
  2.3959e+04    1.5185e-10    1.0038e-10 
  2.4075e+04    1.5179e-10    1.0045e-10 
  2.4191e+04    1.5173e-10    1.0053e-10 
  2.4308e+04    1.5167e-10    1.0060e-10 
  2.4425e+04    1.5160e-10    1.0067e-10 
  2.4543e+04    1.5154e-10    1.0074e-10 
  2.4661e+04    1.5148e-10    1.0081e-10 
  2.4780e+04    1.5141e-10    1.0088e-10 
  2.4899e+04    1.5134e-10    1.0094e-10 
  2.5019e+04    1.5127e-10    1.0101e-10 
  2.5140e+04    1.5120e-10    1.0108e-10 
  2.5261e+04    1.5113e-10    1.0114e-10 
  2.5383e+04    1.5106e-10    1.0120e-10 
  2.5505e+04    1.5099e-10    1.0127e-10 
  2.5628e+04    1.5091e-10    1.0133e-10 
  2.5752e+04    1.5083e-10    1.0139e-10 
  2.5876e+04    1.5076e-10    1.0145e-10 
  2.6001e+04    1.5068e-10    1.0151e-10 
  2.6126e+04    1.5060e-10    1.0157e-10 
  2.6252e+04    1.5051e-10    1.0162e-10 
  2.6379e+04    1.5043e-10    1.0168e-10 
  2.6506e+04    1.5034e-10    1.0173e-10 
  2.6634e+04    1.5026e-10    1.0178e-10 
  2.6762e+04    1.5017e-10    1.0184e-10 
  2.6891e+04    1.5008e-10    1.0189e-10 
  2.7021e+04    1.5000e-10    1.0194e-10 
  2.7151e+04    1.4991e-10    1.0200e-10 
  2.7282e+04    1.4982e-10    1.0205e-10 
  2.7414e+04    1.4973e-10    1.0209e-10 
  2.7546e+04    1.4963e-10    1.0214e-10 
  2.7679e+04    1.4954e-10    1.0219e-10 
  2.7812e+04    1.4944e-10    1.0223e-10 
  2.7946e+04    1.4934e-10    1.0228e-10 
  2.8081e+04    1.4924e-10    1.0232e-10 
  2.8216e+04    1.4914e-10    1.0236e-10 
  2.8353e+04    1.4903e-10    1.0240e-10 
  2.8489e+04    1.4893e-10    1.0244e-10 
  2.8627e+04    1.4882e-10    1.0247e-10 
  2.8765e+04    1.4871e-10    1.0251e-10 
  2.8903e+04    1.4860e-10    1.0254e-10 
  2.9043e+04    1.4848e-10    1.0257e-10 
  2.9183e+04    1.4837e-10    1.0260e-10 
  2.9323e+04    1.4825e-10    1.0263e-10 
  2.9465e+04    1.4813e-10    1.0266e-10 
  2.9607e+04    1.4801e-10    1.0269e-10 
  2.9750e+04    1.4788e-10    1.0271e-10 
  2.9893e+04    1.4775e-10    1.0273e-10 
  3.0037e+04    1.4762e-10    1.0275e-10 
  3.0182e+04    1.4751e-10    1.0278e-10 
  3.0328e+04    1.4740e-10    1.0281e-10 
  3.0474e+04    1.4728e-10    1.0284e-10 
  3.0621e+04    1.4717e-10    1.0288e-10 
  3.0769e+04    1.4705e-10    1.0290e-10 
  3.0917e+04    1.4694e-10    1.0293e-10 
  3.1066e+04    1.4682e-10    1.0296e-10 
  3.1216e+04    1.4670e-10    1.0298e-10 
  3.1366e+04    1.4658e-10    1.0301e-10 
  3.1518e+04    1.4645e-10    1.0303e-10 
  3.1669e+04    1.4633e-10    1.0305e-10 
  3.1822e+04    1.4620e-10    1.0307e-10 
  3.1976e+04    1.4607e-10    1.0309e-10 
  3.2130e+04    1.4594e-10    1.0311e-10 
  3.2285e+04    1.4581e-10    1.0312e-10 
  3.2440e+04    1.4567e-10    1.0313e-10 
  3.2597e+04    1.4553e-10    1.0315e-10 
  3.2754e+04    1.4540e-10    1.0316e-10 
  3.2912e+04    1.4525e-10    1.0316e-10 
  3.3071e+04    1.4511e-10    1.0317e-10 
  3.3230e+04    1.4497e-10    1.0318e-10 
  3.3390e+04    1.4482e-10    1.0318e-10 
  3.3551e+04    1.4467e-10    1.0318e-10 
  3.3713e+04    1.4452e-10    1.0318e-10 
  3.3876e+04    1.4436e-10    1.0318e-10 
  3.4039e+04    1.4421e-10    1.0318e-10 
  3.4203e+04    1.4408e-10    1.0319e-10 
  3.4368e+04    1.4394e-10    1.0320e-10 
  3.4534e+04    1.4380e-10    1.0321e-10 
  3.4700e+04    1.4366e-10    1.0322e-10 
  3.4868e+04    1.4352e-10    1.0322e-10 
  3.5036e+04    1.4338e-10    1.0323e-10 
  3.5205e+04    1.4323e-10    1.0323e-10 
  3.5374e+04    1.4308e-10    1.0323e-10 
  3.5545e+04    1.4294e-10    1.0323e-10 
  3.5716e+04    1.4279e-10    1.0323e-10 
  3.5889e+04    1.4263e-10    1.0322e-10 
  3.6062e+04    1.4248e-10    1.0322e-10 
  3.6236e+04    1.4232e-10    1.0321e-10 
  3.6410e+04    1.4216e-10    1.0320e-10 
  3.6586e+04    1.4200e-10    1.0319e-10 
  3.6762e+04    1.4184e-10    1.0318e-10 
  3.6940e+04    1.4168e-10    1.0317e-10 
  3.7118e+04    1.4151e-10    1.0315e-10 
  3.7297e+04    1.4134e-10    1.0314e-10 
  3.7477e+04    1.4117e-10    1.0312e-10 
  3.7657e+04    1.4100e-10    1.0310e-10 
  3.7839e+04    1.4083e-10    1.0308e-10 
  3.8021e+04    1.4065e-10    1.0305e-10 
  3.8205e+04    1.4047e-10    1.0303e-10 
  3.8389e+04    1.4029e-10    1.0300e-10 
  3.8574e+04    1.4013e-10    1.0298e-10 
  3.8760e+04    1.3996e-10    1.0297e-10 
  3.8947e+04    1.3980e-10    1.0295e-10 
  3.9135e+04    1.3963e-10    1.0293e-10 
  3.9323e+04    1.3946e-10    1.0291e-10 
  3.9513e+04    1.3929e-10    1.0289e-10 
  3.9703e+04    1.3912e-10    1.0287e-10 
  3.9895e+04    1.3894e-10    1.0284e-10 
  4.0087e+04    1.3877e-10    1.0282e-10 
  4.0281e+04    1.3859e-10    1.0279e-10 
  4.0475e+04    1.3841e-10    1.0276e-10 
  4.0670e+04    1.3823e-10    1.0273e-10 
  4.0866e+04    1.3804e-10    1.0270e-10 
  4.1063e+04    1.3786e-10    1.0266e-10 
  4.1261e+04    1.3767e-10    1.0263e-10 
  4.1460e+04    1.3748e-10    1.0259e-10 
  4.1660e+04    1.3729e-10    1.0255e-10 
  4.1861e+04    1.3710e-10    1.0251e-10 
  4.2063e+04    1.3690e-10    1.0246e-10 
  4.2266e+04    1.3670e-10    1.0242e-10 
  4.2469e+04    1.3650e-10    1.0237e-10 
  4.2674e+04    1.3630e-10    1.0232e-10 
  4.2880e+04    1.3610e-10    1.0227e-10 
  4.3087e+04    1.3589e-10    1.0222e-10 
  4.3294e+04    1.3569e-10    1.0216e-10 
  4.3503e+04    1.3548e-10    1.0211e-10 
  4.3713e+04    1.3528e-10    1.0206e-10 
  4.3924e+04    1.3507e-10    1.0200e-10 
  4.4136e+04    1.3486e-10    1.0195e-10 
  4.4348e+04    1.3465e-10    1.0189e-10 
  4.4562e+04    1.3444e-10    1.0183e-10 
  4.4777e+04    1.3422e-10    1.0177e-10 
  4.4993e+04    1.3401e-10    1.0171e-10 
  4.5210e+04    1.3379e-10    1.0164e-10 
  4.5428e+04    1.3357e-10    1.0157e-10 
  4.5647e+04    1.3335e-10    1.0150e-10 
  4.5867e+04    1.3312e-10    1.0143e-10 
  4.6088e+04    1.3289e-10    1.0136e-10 
  4.6310e+04    1.3266e-10    1.0129e-10 
  4.6534e+04    1.3243e-10    1.0121e-10 
  4.6758e+04    1.3220e-10    1.0113e-10 
  4.6984e+04    1.3196e-10    1.0105e-10 
  4.7210e+04    1.3172e-10    1.0096e-10 
  4.7438e+04    1.3148e-10    1.0088e-10 
  4.7667e+04    1.3124e-10    1.0079e-10 
  4.7896e+04    1.3100e-10    1.0070e-10 
  4.8127e+04    1.3075e-10    1.0061e-10 
  4.8359e+04    1.3050e-10    1.0051e-10 
  4.8593e+04    1.3024e-10    1.0042e-10 
  4.8827e+04    1.2999e-10    1.0032e-10 
  4.9062e+04    1.2974e-10    1.0022e-10 
  4.9299e+04    1.2951e-10    1.0014e-10 
  4.9537e+04    1.2927e-10    1.0006e-10 
  4.9775e+04    1.2904e-10    9.9974e-11 
  5.0015e+04    1.2880e-10    9.9887e-11 
  5.0257e+04    1.2856e-10    9.9798e-11 
  5.0499e+04    1.2832e-10    9.9707e-11 
  5.0742e+04    1.2808e-10    9.9614e-11 
  5.0987e+04    1.2783e-10    9.9520e-11 
  5.1233e+04    1.2758e-10    9.9423e-11 
  5.1480e+04    1.2733e-10    9.9324e-11 
  5.1728e+04    1.2708e-10    9.9224e-11 
  5.1978e+04    1.2683e-10    9.9121e-11 
  5.2228e+04    1.2657e-10    9.9017e-11 
  5.2480e+04    1.2632e-10    9.8910e-11 
  5.2733e+04    1.2606e-10    9.8802e-11 
  5.2988e+04    1.2579e-10    9.8691e-11 
  5.3243e+04    1.2553e-10    9.8578e-11 
  5.3500e+04    1.2526e-10    9.8464e-11 
  5.3758e+04    1.2499e-10    9.8347e-11 
  5.4017e+04    1.2472e-10    9.8228e-11 
  5.4277e+04    1.2445e-10    9.8107e-11 
  5.4539e+04    1.2418e-10    9.7983e-11 
  5.4802e+04    1.2390e-10    9.7858e-11 
  5.5066e+04    1.2362e-10    9.7731e-11 
  5.5332e+04    1.2334e-10    9.7601e-11 
  5.5599e+04    1.2307e-10    9.7483e-11 
  5.5867e+04    1.2280e-10    9.7364e-11 
  5.6136e+04    1.2253e-10    9.7243e-11 
  5.6407e+04    1.2226e-10    9.7119e-11 
  5.6679e+04    1.2199e-10    9.6994e-11 
  5.6952e+04    1.2171e-10    9.6867e-11 
  5.7227e+04    1.2144e-10    9.6738e-11 
  5.7503e+04    1.2116e-10    9.6607e-11 
  5.7780e+04    1.2088e-10    9.6474e-11 
  5.8059e+04    1.2059e-10    9.6339e-11 
  5.8339e+04    1.2031e-10    9.6202e-11 
  5.8620e+04    1.2002e-10    9.6063e-11 
  5.8902e+04    1.1973e-10    9.5922e-11 
  5.9187e+04    1.1944e-10    9.5778e-11 
  5.9472e+04    1.1915e-10    9.5633e-11 
  5.9759e+04    1.1885e-10    9.5485e-11 
  6.0047e+04    1.1855e-10    9.5335e-11 
  6.0336e+04    1.1825e-10    9.5184e-11 
  6.0627e+04    1.1795e-10    9.5030e-11 
  6.0920e+04    1.1765e-10    9.4874e-11 
  6.1213e+04    1.1734e-10    9.4715e-11 
  6.1509e+04    1.1703e-10    9.4555e-11 
  6.1805e+04    1.1672e-10    9.4392e-11 
  6.2103e+04    1.1641e-10    9.4227e-11 
  6.2403e+04    1.1610e-10    9.4060e-11 
  6.2703e+04    1.1579e-10    9.3897e-11 
  6.3006e+04    1.1548e-10    9.3736e-11 
  6.3310e+04    1.1517e-10    9.3572e-11 
  6.3615e+04    1.1486e-10    9.3407e-11 
  6.3922e+04    1.1455e-10    9.3239e-11 
  6.4230e+04    1.1423e-10    9.3070e-11 
  6.4540e+04    1.1392e-10    9.2898e-11 
  6.4851e+04    1.1360e-10    9.2724e-11 
  6.5164e+04    1.1328e-10    9.2548e-11 
  6.5478e+04    1.1296e-10    9.2370e-11 
  6.5793e+04    1.1263e-10    9.2189e-11 
  6.6111e+04    1.1230e-10    9.2007e-11 
  6.6429e+04    1.1198e-10    9.1822e-11 
  6.6750e+04    1.1164e-10    9.1635e-11 
  6.7072e+04    1.1131e-10    9.1446e-11 
  6.7395e+04    1.1098e-10    9.1255e-11 
  6.7720e+04    1.1064e-10    9.1061e-11 
  6.8047e+04    1.1030e-10    9.0865e-11 
  6.8375e+04    1.0996e-10    9.0667e-11 
  6.8704e+04    1.0962e-10    9.0467e-11 
  6.9036e+04    1.0927e-10    9.0265e-11 
  6.9369e+04    1.0892e-10    9.0060e-11 
  6.9703e+04    1.0857e-10    8.9853e-11 
  7.0039e+04    1.0822e-10    8.9644e-11 
  7.0377e+04    1.0787e-10    8.9433e-11 
  7.0716e+04    1.0750e-10    8.9211e-11 
  7.1057e+04    1.0711e-10    8.8967e-11 
  7.1400e+04    1.0672e-10    8.8720e-11 
  7.1744e+04    1.0632e-10    8.8471e-11 
  7.2090e+04    1.0592e-10    8.8219e-11 
  7.2438e+04    1.0552e-10    8.7964e-11 
  7.2787e+04    1.0511e-10    8.7706e-11 
  7.3138e+04    1.0471e-10    8.7446e-11 
  7.3491e+04    1.0430e-10    8.7183e-11 
  7.3845e+04    1.0389e-10    8.6917e-11 
  7.4201e+04    1.0347e-10    8.6648e-11 
  7.4559e+04    1.0305e-10    8.6377e-11 
  7.4918e+04    1.0264e-10    8.6103e-11 
  7.5280e+04    1.0221e-10    8.5826e-11 
  7.5643e+04    1.0179e-10    8.5547e-11 
  7.6007e+04    1.0136e-10    8.5264e-11 
  7.6374e+04    1.0093e-10    8.4979e-11 
  7.6742e+04    1.0050e-10    8.4691e-11 
  7.7112e+04    1.0006e-10    8.4401e-11 
  7.7484e+04    9.9627e-11    8.4107e-11 
  7.7858e+04    9.9187e-11    8.3811e-11 
  7.8233e+04    9.8745e-11    8.3512e-11 
  7.8610e+04    9.8300e-11    8.3211e-11 
  7.8989e+04    9.7853e-11    8.2906e-11 
  7.9370e+04    9.7403e-11    8.2599e-11 
  7.9753e+04    9.6951e-11    8.2289e-11 
  8.0137e+04    9.6512e-11    8.1990e-11 
  8.0524e+04    9.6072e-11    8.1688e-11 
  8.0912e+04    9.5630e-11    8.1385e-11 
  8.1302e+04    9.5185e-11    8.1078e-11 
  8.1694e+04    9.4739e-11    8.0770e-11 
  8.2088e+04    9.4289e-11    8.0458e-11 
  8.2484e+04    9.3838e-11    8.0144e-11 
  8.2882e+04    9.3384e-11    7.9827e-11 
  8.3281e+04    9.2929e-11    7.9508e-11 
  8.3683e+04    9.2471e-11    7.9186e-11 
  8.4086e+04    9.2010e-11    7.8862e-11 
  8.4492e+04    9.1548e-11    7.8535e-11 
  8.4899e+04    9.1083e-11    7.8205e-11 
  8.5309e+04    9.0617e-11    7.7873e-11 
  8.5720e+04    9.0148e-11    7.7539e-11 
  8.6133e+04    8.9677e-11    7.7202e-11 
  8.6549e+04    8.9203e-11    7.6862e-11 
  8.6966e+04    8.8728e-11    7.6520e-11 
  8.7385e+04    8.8251e-11    7.6175e-11 
  8.7807e+04    8.7771e-11    7.5828e-11 
  8.8230e+04    8.7290e-11    7.5478e-11 
  8.8656e+04    8.6806e-11    7.5125e-11 
  8.9083e+04    8.6321e-11    7.4771e-11 
  8.9513e+04    8.5833e-11    7.4413e-11 
  8.9944e+04    8.5344e-11    7.4054e-11 
  9.0378e+04    8.4861e-11    7.3699e-11 
  9.0814e+04    8.4382e-11    7.3347e-11 
  9.1252e+04    8.3902e-11    7.2993e-11 
  9.1692e+04    8.3419e-11    7.2637e-11 
  9.2134e+04    8.2935e-11    7.2278e-11 
  9.2578e+04    8.2449e-11    7.1917e-11 
  9.3024e+04    8.1961e-11    7.1554e-11 
  9.3473e+04    8.1472e-11    7.1188e-11 
  9.3924e+04    8.0981e-11    7.0821e-11 
  9.4377e+04    8.0488e-11    7.0451e-11 
  9.4832e+04    7.9993e-11    7.0079e-11 
  9.5289e+04    7.9497e-11    6.9704e-11 
  9.5748e+04    7.8999e-11    6.9328e-11 
  9.6210e+04    7.8500e-11    6.8949e-11 
  9.6674e+04    7.7999e-11    6.8569e-11 
  9.7140e+04    7.7497e-11    6.8186e-11 
  9.7609e+04    7.6993e-11    6.7801e-11 
  9.8079e+04    7.6488e-11    6.7414e-11 
  9.8552e+04    7.5981e-11    6.7025e-11 
  9.9027e+04    7.5473e-11    6.6634e-11 
  9.9505e+04    7.4963e-11    6.6241e-11 
  9.9985e+04    7.4452e-11    6.5846e-11 
  1.0047e+05    7.3940e-11    6.5449e-11 
  1.0095e+05    7.3426e-11    6.5050e-11 
  1.0144e+05    7.2911e-11    6.4649e-11 
  1.0193e+05    7.2398e-11    6.4249e-11 
  1.0242e+05    7.1893e-11    6.3855e-11 
  1.0291e+05    7.1386e-11    6.3460e-11 
  1.0341e+05    7.0879e-11    6.3062e-11 
  1.0391e+05    7.0370e-11    6.2663e-11 
  1.0441e+05    6.9861e-11    6.2263e-11 
  1.0491e+05    6.9350e-11    6.1860e-11 
  1.0542e+05    6.8839e-11    6.1456e-11 
  1.0593e+05    6.8326e-11    6.1051e-11 
  1.0644e+05    6.7813e-11    6.0643e-11 
  1.0695e+05    6.7298e-11    6.0235e-11 
  1.0747e+05    6.6783e-11    5.9824e-11 
  1.0798e+05    6.6267e-11    5.9412e-11 
  1.0850e+05    6.5751e-11    5.8999e-11 
  1.0903e+05    6.5233e-11    5.8584e-11 
  1.0955e+05    6.4715e-11    5.8168e-11 
  1.1008e+05    6.4196e-11    5.7751e-11 
  1.1061e+05    6.3677e-11    5.7332e-11 
  1.1115e+05    6.3157e-11    5.6912e-11 
  1.1168e+05    6.2636e-11    5.6490e-11 
  1.1222e+05    6.2115e-11    5.6068e-11 
  1.1276e+05    6.1594e-11    5.5644e-11 
  1.1331e+05    6.1072e-11    5.5219e-11 
  1.1385e+05    6.0550e-11    5.4792e-11 
  1.1440e+05    6.0027e-11    5.4365e-11 
  1.1495e+05    5.9504e-11    5.3937e-11 
  1.1551e+05    5.8946e-11    5.3475e-11 
  1.1606e+05    5.8384e-11    5.3010e-11 
  1.1662e+05    5.7822e-11    5.2543e-11 
  1.1719e+05    5.7259e-11    5.2076e-11 
  1.1775e+05    5.6697e-11    5.1608e-11 
  1.1832e+05    5.6134e-11    5.1138e-11 
  1.1889e+05    5.5572e-11    5.0668e-11 
  1.1946e+05    5.5009e-11    5.0197e-11 
  1.2004e+05    5.4447e-11    4.9726e-11 
  1.2062e+05    5.3885e-11    4.9253e-11 
  1.2120e+05    5.3323e-11    4.8780e-11 
  1.2178e+05    5.2762e-11    4.8307e-11 
  1.2237e+05    5.2201e-11    4.7833e-11 
  1.2296e+05    5.1640e-11    4.7358e-11 
  1.2355e+05    5.1080e-11    4.6883e-11 
  1.2415e+05    5.0520e-11    4.6408e-11 
  1.2475e+05    4.9961e-11    4.5933e-11 
  1.2535e+05    4.9403e-11    4.5457e-11 
  1.2595e+05    4.8845e-11    4.4981e-11 
  1.2656e+05    4.8288e-11    4.4505e-11 
  1.2717e+05    4.7732e-11    4.4029e-11 
  1.2778e+05    4.7177e-11    4.3553e-11 
  1.2840e+05    4.6623e-11    4.3077e-11 
  1.2902e+05    4.6070e-11    4.2601e-11 
  1.2964e+05    4.5518e-11    4.2125e-11 
  1.3027e+05    4.4990e-11    4.1670e-11 
  1.3089e+05    4.4477e-11    4.1229e-11 
  1.3153e+05    4.3966e-11    4.0789e-11 
  1.3216e+05    4.3457e-11    4.0349e-11 
  1.3280e+05    4.2948e-11    3.9910e-11 
  1.3344e+05    4.2441e-11    3.9471e-11 
  1.3408e+05    4.1935e-11    3.9032e-11 
  1.3473e+05    4.1430e-11    3.8594e-11 
  1.3538e+05    4.0927e-11    3.8156e-11 
  1.3603e+05    4.0425e-11    3.7719e-11 
  1.3669e+05    3.9925e-11    3.7283e-11 
  1.3735e+05    3.9427e-11    3.6848e-11 
  1.3801e+05    3.8930e-11    3.6413e-11 
  1.3867e+05    3.8435e-11    3.5979e-11 
  1.3934e+05    3.7941e-11    3.5546e-11 
  1.4001e+05    3.7450e-11    3.5114e-11 
  1.4069e+05    3.6960e-11    3.4683e-11 
  1.4137e+05    3.6472e-11    3.4253e-11 
  1.4205e+05    3.5987e-11    3.3824e-11 
  1.4273e+05    3.5503e-11    3.3397e-11 
  1.4342e+05    3.5021e-11    3.2970e-11 
  1.4411e+05    3.4541e-11    3.2545e-11 
  1.4481e+05    3.4064e-11    3.2121e-11 
  1.4551e+05    3.3589e-11    3.1699e-11 
  1.4621e+05    3.3116e-11    3.1277e-11 
  1.4691e+05    3.2653e-11    3.0865e-11 
  1.4762e+05    3.2211e-11    3.0472e-11 
  1.4833e+05    3.1772e-11    3.0080e-11 
  1.4905e+05    3.1334e-11    2.9690e-11 
  1.4977e+05    3.0899e-11    2.9301e-11 
  1.5049e+05    3.0466e-11    2.8914e-11 
  1.5122e+05    3.0035e-11    2.8528e-11 
  1.5194e+05    2.9607e-11    2.8144e-11 
  1.5268e+05    2.9181e-11    2.7761e-11 
  1.5341e+05    2.8757e-11    2.7380e-11 
  1.5415e+05    2.8337e-11    2.7001e-11 
  1.5490e+05    2.7918e-11    2.6623e-11 
  1.5564e+05    2.7502e-11    2.6248e-11 
  1.5639e+05    2.7089e-11    2.5874e-11 
  1.5715e+05    2.6678e-11    2.5502e-11 
  1.5791e+05    2.6270e-11    2.5132e-11 
  1.5867e+05    2.5865e-11    2.4764e-11 
  1.5943e+05    2.5463e-11    2.4399e-11 
  1.6020e+05    2.5063e-11    2.4035e-11 
  1.6097e+05    2.4666e-11    2.3673e-11 
  1.6175e+05    2.4272e-11    2.3313e-11 
  1.6253e+05    2.3881e-11    2.2956e-11 
  1.6331e+05    2.3493e-11    2.2601e-11 
  1.6410e+05    2.3108e-11    2.2248e-11 
  1.6489e+05    2.2726e-11    2.1897e-11 
  1.6569e+05    2.2347e-11    2.1549e-11 
  1.6649e+05    2.1988e-11    2.1220e-11 
  1.6729e+05    2.1633e-11    2.0894e-11 
  1.6810e+05    2.1281e-11    2.0570e-11 
  1.6891e+05    2.0931e-11    2.0248e-11 
  1.6972e+05    2.0584e-11    1.9928e-11 
  1.7054e+05    2.0240e-11    1.9610e-11 
  1.7136e+05    1.9900e-11    1.9295e-11 
  1.7219e+05    1.9562e-11    1.8983e-11 
  1.7302e+05    1.9227e-11    1.8672e-11 
  1.7385e+05    1.8895e-11    1.8364e-11 
  1.7469e+05    1.8566e-11    1.8059e-11 
  1.7553e+05    1.8240e-11    1.7755e-11 
  1.7638e+05    1.7917e-11    1.7455e-11 
  1.7723e+05    1.7597e-11    1.7157e-11 
  1.7808e+05    1.7280e-11    1.6861e-11 
  1.7894e+05    1.6967e-11    1.6568e-11 
  1.7981e+05    1.6656e-11    1.6277e-11 
  1.8067e+05    1.6349e-11    1.5990e-11 
  1.8154e+05    1.6045e-11    1.5704e-11 
  1.8242e+05    1.5744e-11    1.5422e-11 
  1.8330e+05    1.5446e-11    1.5142e-11 
  1.8418e+05    1.5151e-11    1.4865e-11 
  1.8507e+05    1.4860e-11    1.4590e-11 
  1.8596e+05    1.4572e-11    1.4318e-11 
  1.8686e+05    1.4287e-11    1.4049e-11 
  1.8776e+05    1.4002e-11    1.3780e-11 
  1.8867e+05    1.3719e-11    1.3512e-11 
  1.8958e+05    1.3440e-11    1.3247e-11 
  1.9049e+05    1.3164e-11    1.2985e-11 
  1.9141e+05    1.2891e-11    1.2726e-11 
  1.9233e+05    1.2622e-11    1.2470e-11 
  1.9326e+05    1.2356e-11    1.2217e-11 
  1.9419e+05    1.2094e-11    1.1967e-11 
  1.9513e+05    1.1835e-11    1.1719e-11 
  1.9607e+05    1.1579e-11    1.1475e-11 
  1.9701e+05    1.1327e-11    1.1234e-11 
  1.9796e+05    1.1078e-11    1.0995e-11 
  1.9892e+05    1.0833e-11    1.0760e-11 
  1.9988e+05    1.0591e-11    1.0528e-11 
  2.0084e+05    1.0352e-11    1.0298e-11 
  2.0181e+05    1.0117e-11    1.0072e-11 
  2.0278e+05    9.8851e-12    9.8490e-12 
  2.0376e+05    9.6567e-12    9.6289e-12 
  2.0474e+05    9.4318e-12    9.4117e-12 
  2.0573e+05    9.2101e-12    9.1976e-12 
  2.0672e+05    8.9919e-12    8.9866e-12 
  2.0772e+05    8.7771e-12    8.7785e-12 
  2.0872e+05    8.5656e-12    8.5736e-12 
  2.0973e+05    8.3575e-12    8.3716e-12 
  2.1074e+05    8.1527e-12    8.1727e-12 
  2.1175e+05    7.9574e-12    7.9830e-12 
  2.1278e+05    7.7765e-12    7.8074e-12 
  2.1380e+05    7.5983e-12    7.6344e-12 
  2.1483e+05    7.4229e-12    7.4638e-12 
  2.1587e+05    7.2502e-12    7.2957e-12 
  2.1691e+05    7.0803e-12    7.1301e-12 
  2.1795e+05    6.9130e-12    6.9670e-12 
  2.1901e+05    6.7485e-12    6.8063e-12 
  2.2006e+05    6.5866e-12    6.6481e-12 
  2.2112e+05    6.4274e-12    6.4923e-12 
  2.2219e+05    6.2709e-12    6.3390e-12 
  2.2326e+05    6.1170e-12    6.1881e-12 
  2.2434e+05    5.9657e-12    6.0396e-12 
  2.2542e+05    5.8170e-12    5.8935e-12 
  2.2651e+05    5.6709e-12    5.7498e-12 
  2.2760e+05    5.5274e-12    5.6086e-12 
  2.2870e+05    5.3865e-12    5.4696e-12 
  2.2980e+05    5.2480e-12    5.3331e-12 
  2.3091e+05    5.1121e-12    5.1989e-12 
  2.3202e+05    4.9787e-12    5.0671e-12 
  2.3314e+05    4.8478e-12    4.9375e-12 
  2.3426e+05    4.7194e-12    4.8103e-12 
  2.3539e+05    4.5934e-12    4.6854e-12 
  2.3653e+05    4.4698e-12    4.5628e-12 
  2.3767e+05    4.3486e-12    4.4424e-12 
  2.3881e+05    4.2299e-12    4.3244e-12 
  2.3997e+05    4.1220e-12    4.2171e-12 
  2.4112e+05    4.0160e-12    4.1118e-12 
  2.4228e+05    3.9121e-12    4.0084e-12 
  2.4345e+05    3.8101e-12    3.9068e-12 
  2.4463e+05    3.7101e-12    3.8071e-12 
  2.4581e+05    3.6120e-12    3.7092e-12 
  2.4699e+05    3.5158e-12    3.6131e-12 
  2.4818e+05    3.4215e-12    3.5188e-12 
  2.4938e+05    3.3291e-12    3.4263e-12 
  2.5058e+05    3.2386e-12    3.3356e-12 
  2.5179e+05    3.1498e-12    3.2467e-12 
  2.5300e+05    3.0629e-12    3.1594e-12 
  2.5422e+05    2.9778e-12    3.0739e-12 
  2.5545e+05    2.8945e-12    2.9901e-12 
  2.5668e+05    2.8130e-12    2.9080e-12 
  2.5792e+05    2.7331e-12    2.8276e-12 
  2.5916e+05    2.6550e-12    2.7488e-12 
  2.6041e+05    2.5786e-12    2.6716e-12 
  2.6167e+05    2.5038e-12    2.5961e-12 
  2.6293e+05    2.4307e-12    2.5222e-12 
  2.6420e+05    2.3592e-12    2.4498e-12 
  2.6547e+05    2.2894e-12    2.3790e-12 
  2.6675e+05    2.2211e-12    2.3098e-12 
  2.6804e+05    2.1544e-12    2.2420e-12 
  2.6933e+05    2.0892e-12    2.1758e-12 
  2.7063e+05    2.0285e-12    2.1141e-12 
  2.7193e+05    1.9703e-12    2.0550e-12 
  2.7325e+05    1.9134e-12    1.9971e-12 
  2.7456e+05    1.8578e-12    1.9405e-12 
  2.7589e+05    1.8035e-12    1.8851e-12 
  2.7722e+05    1.7503e-12    1.8309e-12 
  2.7855e+05    1.6984e-12    1.7779e-12 
  2.7990e+05    1.6477e-12    1.7261e-12 
  2.8125e+05    1.5982e-12    1.6755e-12 
  2.8260e+05    1.5499e-12    1.6260e-12 
  2.8397e+05    1.5027e-12    1.5776e-12 
  2.8534e+05    1.4566e-12    1.5304e-12 
  2.8671e+05    1.4117e-12    1.4842e-12 
  2.8809e+05    1.3679e-12    1.4392e-12 
  2.8948e+05    1.3251e-12    1.3952e-12 
  2.9088e+05    1.2834e-12    1.3523e-12 
  2.9228e+05    1.2427e-12    1.3104e-12 
  2.9369e+05    1.2031e-12    1.2695e-12 
  2.9511e+05    1.1645e-12    1.2297e-12 
  2.9653e+05    1.1269e-12    1.1908e-12 
  2.9796e+05    1.0902e-12    1.1529e-12 
  2.9940e+05    1.0545e-12    1.1160e-12 
  3.0084e+05    1.0198e-12    1.0800e-12 
  3.0229e+05    9.8592e-13    1.0449e-12 
  3.0375e+05    9.5300e-13    1.0107e-12 
  3.0521e+05    9.2136e-13    9.7788e-13 
  3.0668e+05    8.9132e-13    9.4667e-13 
  3.0816e+05    8.6206e-13    9.1626e-13 
  3.0965e+05    8.3359e-13    8.8663e-13 
  3.1114e+05    8.0588e-13    8.5777e-13 
  3.1264e+05    7.7892e-13    8.2967e-13 
  3.1415e+05    7.5269e-13    8.0232e-13 
  3.1566e+05    7.2719e-13    7.7569e-13 
  3.1719e+05    7.0239e-13    7.4978e-13 
  3.1872e+05    6.7829e-13    7.2457e-13 
  3.2025e+05    6.5486e-13    7.0005e-13 
  3.2180e+05    6.3210e-13    6.7620e-13 
  3.2335e+05    6.0999e-13    6.5302e-13 
  3.2491e+05    5.8852e-13    6.3048e-13 
  3.2647e+05    5.6768e-13    6.0858e-13 
  3.2805e+05    5.4744e-13    5.8730e-13 
  3.2963e+05    5.2780e-13    5.6664e-13 
  3.3122e+05    5.0874e-13    5.4657e-13 
  3.3282e+05    4.9026e-13    5.2708e-13 
  3.3442e+05    4.7233e-13    5.0817e-13 
  3.3603e+05    4.5495e-13    4.8982e-13 
  3.3766e+05    4.3810e-13    4.7202e-13 
  3.3928e+05    4.2177e-13    4.5475e-13 
  3.4092e+05    4.0595e-13    4.3800e-13 
  3.4256e+05    3.9063e-13    4.2177e-13 
  3.4421e+05    3.7580e-13    4.0605e-13 
  3.4587e+05    3.6306e-13    3.9256e-13 
  3.4754e+05    3.5069e-13    3.7945e-13 
  3.4922e+05    3.3866e-13    3.6670e-13 
  3.5090e+05    3.2699e-13    3.5431e-13 
  3.5259e+05    3.1565e-13    3.4226e-13 
  3.5429e+05    3.0464e-13    3.3056e-13 
  3.5600e+05    2.9396e-13    3.1920e-13 
  3.5772e+05    2.8360e-13    3.0816e-13 
  3.5944e+05    2.7354e-13    2.9744e-13 
  3.6118e+05    2.6379e-13    2.8704e-13 
  3.6292e+05    2.5433e-13    2.7694e-13 
  3.6467e+05    2.4515e-13    2.6714e-13 
  3.6643e+05    2.3626e-13    2.5763e-13 
  3.6819e+05    2.2765e-13    2.4841e-13 
  3.6997e+05    2.1930e-13    2.3947e-13 
  3.7175e+05    2.1121e-13    2.3080e-13 
  3.7355e+05    2.0337e-13    2.2239e-13 
  3.7535e+05    1.9579e-13    2.1425e-13 
  3.7716e+05    1.8844e-13    2.0635e-13 
  3.7898e+05    1.8134e-13    1.9871e-13 
  3.8080e+05    1.7446e-13    1.9131e-13 
  3.8264e+05    1.6780e-13    1.8414e-13 
  3.8448e+05    1.6137e-13    1.7720e-13 
  3.8634e+05    1.5514e-13    1.7048e-13 
  3.8820e+05    1.4912e-13    1.6398e-13 
  3.9007e+05    1.4368e-13    1.5811e-13 
  3.9195e+05    1.3859e-13    1.5261e-13 
  3.9384e+05    1.3365e-13    1.4727e-13 
  3.9574e+05    1.2886e-13    1.4209e-13 
  3.9765e+05    1.2422e-13    1.3707e-13 
  3.9957e+05    1.1972e-13    1.3220e-13 
  4.0150e+05    1.1537e-13    1.2748e-13 
  4.0343e+05    1.1115e-13    1.2291e-13 
  4.0538e+05    1.0707e-13    1.1847e-13 
  4.0733e+05    1.0311e-13    1.1418e-13 
  4.0930e+05    9.9284e-14    1.1001e-13 
  4.1127e+05    9.5579e-14    1.0598e-13 
  4.1325e+05    9.1995e-14    1.0208e-13 
  4.1524e+05    8.8528e-14    9.8299e-14 
  4.1725e+05    8.5174e-14    9.4640e-14 
  4.1926e+05    8.1931e-14    9.1100e-14 
  4.2128e+05    7.8796e-14    8.7674e-14 
  4.2331e+05    7.5765e-14    8.4360e-14 
  4.2535e+05    7.2836e-14    8.1155e-14 
  4.2740e+05    7.0006e-14    7.8055e-14 
  4.2947e+05    6.7273e-14    7.5059e-14 
  4.3154e+05    6.4632e-14    7.2162e-14 
  4.3362e+05    6.2082e-14    6.9363e-14 
  4.3571e+05    5.9621e-14    6.6659e-14 
  4.3781e+05    5.7245e-14    6.4046e-14 
  4.3992e+05    5.5036e-14    6.1617e-14 
  4.4204e+05    5.3030e-14    5.9412e-14 
  4.4417e+05    5.1089e-14    5.7276e-14 
  4.4631e+05    4.9210e-14    5.5207e-14 
  4.4847e+05    4.7391e-14    5.3203e-14 
  4.5063e+05    4.5632e-14    5.1263e-14 
  4.5280e+05    4.3930e-14    4.9385e-14 
  4.5498e+05    4.2285e-14    4.7568e-14 
  4.5718e+05    4.0693e-14    4.5809e-14 
  4.5938e+05    3.9155e-14    4.4107e-14 
  4.6160e+05    3.7668e-14    4.2461e-14 
  4.6382e+05    3.6230e-14    4.0868e-14 
  4.6606e+05    3.4842e-14    3.9329e-14 
  4.6831e+05    3.3500e-14    3.7840e-14 
  4.7057e+05    3.2204e-14    3.6401e-14 
  4.7284e+05    3.0953e-14    3.5010e-14 
  4.7511e+05    2.9744e-14    3.3666e-14 
  4.7741e+05    2.8578e-14    3.2368e-14 
  4.7971e+05    2.7452e-14    3.1114e-14 
  4.8202e+05    2.6365e-14    2.9902e-14 
  4.8435e+05    2.5317e-14    2.8733e-14 
  4.8668e+05    2.4306e-14    2.7604e-14 
  4.8903e+05    2.3330e-14    2.6514e-14 
  4.9139e+05    2.2390e-14    2.5462e-14 
  4.9375e+05    2.1483e-14    2.4448e-14 
  4.9614e+05    2.0614e-14    2.3474e-14 
  4.9853e+05    1.9844e-14    2.2612e-14 
  5.0093e+05    1.9099e-14    2.1779e-14 
  5.0335e+05    1.8380e-14    2.0973e-14 
  5.0577e+05    1.7685e-14    2.0193e-14 
  5.0821e+05    1.7013e-14    1.9439e-14 
  5.1066e+05    1.6364e-14    1.8710e-14 
  5.1313e+05    1.5737e-14    1.8006e-14 
  5.1560e+05    1.5132e-14    1.7325e-14 
  5.1809e+05    1.4548e-14    1.6667e-14 
  5.2058e+05    1.3984e-14    1.6031e-14 
  5.2309e+05    1.3439e-14    1.5417e-14 
  5.2562e+05    1.2913e-14    1.4824e-14 
  5.2815e+05    1.2406e-14    1.4252e-14 
  5.3070e+05    1.1917e-14    1.3699e-14 
  5.3326e+05    1.1445e-14    1.3165e-14 
  5.3583e+05    1.0990e-14    1.2650e-14 
  5.3841e+05    1.0551e-14    1.2153e-14 
  5.4101e+05    1.0128e-14    1.1673e-14 
  5.4362e+05    9.7201e-15    1.1211e-14 
  5.4624e+05    9.3271e-15    1.0764e-14 
  5.4887e+05    8.9483e-15    1.0334e-14 
  5.5152e+05    8.5834e-15    9.9194e-15 
  5.5418e+05    8.2320e-15    9.5196e-15 
  5.5685e+05    7.8935e-15    9.1342e-15 
  5.5954e+05    7.5676e-15    8.7628e-15 
  5.6223e+05    7.2854e-15    8.4418e-15 
  5.6494e+05    7.0250e-15    8.1453e-15 
  5.6767e+05    6.7729e-15    7.8583e-15 
  5.7041e+05    6.5290e-15    7.5803e-15 
  5.7316e+05    6.2931e-15    7.3112e-15 
  5.7592e+05    6.0648e-15    7.0507e-15 
  5.7870e+05    5.8441e-15    6.7985e-15 
  5.8149e+05    5.6306e-15    6.5545e-15 
  5.8429e+05    5.4242e-15    6.3184e-15 
  5.8711e+05    5.2246e-15    6.0899e-15 
  5.8994e+05    5.0317e-15    5.8689e-15 
  5.9278e+05    4.8452e-15    5.6552e-15 
  5.9564e+05    4.6650e-15    5.4484e-15 
  5.9851e+05    4.4909e-15    5.2485e-15 
  6.0140e+05    4.3227e-15    5.0552e-15 
  6.0430e+05    4.1602e-15    4.8684e-15 
  6.0721e+05    4.0032e-15    4.6878e-15 
  6.1014e+05    3.8517e-15    4.5133e-15 
  6.1308e+05    3.7053e-15    4.3446e-15 
  6.1604e+05    3.5640e-15    4.1817e-15 
  6.1901e+05    3.4276e-15    4.0243e-15 
  6.2200e+05    3.2960e-15    3.8722e-15 
  6.2500e+05    3.1689e-15    3.7254e-15 
  6.2801e+05    3.0463e-15    3.5836e-15 
  6.3104e+05    2.9281e-15    3.4468e-15 
  6.3408e+05    2.8197e-15    3.3213e-15 
  6.3714e+05    2.7236e-15    3.2103e-15 
  6.4021e+05    2.6306e-15    3.1026e-15 
  6.4330e+05    2.5404e-15    2.9983e-15 
  6.4640e+05    2.4531e-15    2.8971e-15 
  6.4952e+05    2.3685e-15    2.7990e-15 
  6.5265e+05    2.2865e-15    2.7039e-15 
  6.5579e+05    2.2072e-15    2.6118e-15 
  6.5896e+05    2.1304e-15    2.5225e-15 
  6.6213e+05    2.0560e-15    2.4360e-15 
  6.6533e+05    1.9840e-15    2.3522e-15 
  6.6853e+05    1.9142e-15    2.2710e-15 
  6.7176e+05    1.8468e-15    2.1924e-15 
  6.7500e+05    1.7815e-15    2.1162e-15 
  6.7825e+05    1.7183e-15    2.0425e-15 
  6.8152e+05    1.6572e-15    1.9711e-15 
  6.8481e+05    1.5980e-15    1.9020e-15 
  6.8811e+05    1.5408e-15    1.8351e-15 
  6.9143e+05    1.4855e-15    1.7703e-15 
  6.9476e+05    1.4320e-15    1.7076e-15 
  6.9811e+05    1.3802e-15    1.6470e-15 
  7.0148e+05    1.3302e-15    1.5883e-15 
  7.0486e+05    1.2818e-15    1.5315e-15 
  7.0826e+05    1.2351e-15    1.4766e-15 
  7.1168e+05    1.1899e-15    1.4235e-15 
  7.1511e+05    1.1465e-15    1.3725e-15 
  7.1856e+05    1.1094e-15    1.3289e-15 
  7.2202e+05    1.0734e-15    1.2866e-15 
  7.2550e+05    1.0384e-15    1.2455e-15 
  7.2900e+05    1.0045e-15    1.2057e-15 
  7.3252e+05    9.7166e-16    1.1669e-15 
  7.3605e+05    9.3977e-16    1.1294e-15 
  7.3960e+05    9.0884e-16    1.0929e-15 
  7.4316e+05    8.7885e-16    1.0575e-15 
  7.4675e+05    8.4977e-16    1.0232e-15 
  7.5035e+05    8.2157e-16    9.8984e-16 
  7.5397e+05    7.9423e-16    9.5751e-16 
  7.5760e+05    7.6773e-16    9.2616e-16 
  7.6125e+05    7.4205e-16    8.9574e-16 
  7.6492e+05    7.1715e-16    8.6624e-16 
  7.6861e+05    6.9303e-16    8.3764e-16 
  7.7232e+05    6.6965e-16    8.0989e-16 
  7.7604e+05    6.4700e-16    7.8300e-16 
  7.7979e+05    6.2506e-16    7.5692e-16 
  7.8355e+05    6.0380e-16    7.3164e-16 
  7.8732e+05    5.8321e-16    7.0714e-16 
  7.9112e+05    5.6326e-16    6.8339e-16 
  7.9493e+05    5.4395e-16    6.6038e-16 
  7.9877e+05    5.2525e-16    6.3807e-16 
  8.0262e+05    5.0714e-16    6.1647e-16 
  8.0649e+05    4.8960e-16    5.9553e-16 
  8.1038e+05    4.7362e-16    5.7646e-16 
  8.1429e+05    4.5847e-16    5.5836e-16 
  8.1821e+05    4.4375e-16    5.4078e-16 
  8.2216e+05    4.2948e-16    5.2372e-16 
  8.2612e+05    4.1563e-16    5.0715e-16 
  8.3011e+05    4.0219e-16    4.9106e-16 
  8.3411e+05    3.8915e-16    4.7544e-16 
  8.3813e+05    3.7651e-16    4.6028e-16 
  8.4217e+05    3.6424e-16    4.4557e-16 
  8.4623e+05    3.5235e-16    4.3129e-16 
  8.5031e+05    3.4081e-16    4.1743e-16 
  8.5441e+05    3.2963e-16    4.0398e-16 
  8.5853e+05    3.1878e-16    3.9093e-16 
  8.6267e+05    3.0826e-16    3.7828e-16 
  8.6683e+05    2.9807e-16    3.6599e-16 
  8.7101e+05    2.8819e-16    3.5408e-16 
  8.7521e+05    2.7861e-16    3.4253e-16 
  8.7943e+05    2.6932e-16    3.3132e-16 
  8.8367e+05    2.6033e-16    3.2045e-16 
  8.8793e+05    2.5161e-16    3.0991e-16 
  8.9221e+05    2.4316e-16    2.9970e-16 
  8.9652e+05    2.3498e-16    2.8979e-16 
  9.0084e+05    2.2705e-16    2.8019e-16 
  9.0518e+05    2.1937e-16    2.7088e-16 
  9.0955e+05    2.1193e-16    2.6185e-16 
  9.1393e+05    2.0500e-16    2.5345e-16 
  9.1834e+05    1.9865e-16    2.4575e-16 
  9.2277e+05    1.9249e-16    2.3828e-16 
  9.2722e+05    1.8650e-16    2.3101e-16 
  9.3169e+05    1.8069e-16    2.2395e-16 
  9.3618e+05    1.7504e-16    2.1708e-16 
  9.4070e+05    1.6956e-16    2.1042e-16 
  9.4523e+05    1.6424e-16    2.0394e-16 
  9.4979e+05    1.5907e-16    1.9764e-16 
  9.5437e+05    1.5405e-16    1.9153e-16 
  9.5897e+05    1.4919e-16    1.8559e-16 
  9.6360e+05    1.4446e-16    1.7982e-16 
  9.6824e+05    1.3987e-16    1.7422e-16 
  9.7291e+05    1.3542e-16    1.6878e-16 
  9.7760e+05    1.3110e-16    1.6350e-16 
  9.8232e+05    1.2691e-16    1.5837e-16 
  9.8705e+05    1.2285e-16    1.5339e-16 
  9.9181e+05    1.1890e-16    1.4856e-16 
  9.9659e+05    1.1507e-16    1.4387e-16 
  1.0014e+06    1.1136e-16    1.3931e-16 
  1.0062e+06    1.0776e-16    1.3489e-16 
  1.0111e+06    1.0427e-16    1.3060e-16 
  1.0160e+06    1.0088e-16    1.2643e-16 
  1.0209e+06    9.7598e-17    1.2239e-16 
  1.0258e+06    9.4414e-17    1.1847e-16 
  1.0307e+06    9.1351e-17    1.1470e-16 
  1.0357e+06    8.8525e-17    1.1122e-16 
  1.0407e+06    8.5780e-17    1.0784e-16 
  1.0457e+06    8.3114e-17    1.0455e-16 
  1.0507e+06    8.0526e-17    1.0136e-16 
  1.0558e+06    7.8013e-17    9.8252e-17 
  1.0609e+06    7.5573e-17    9.5238e-17 
  1.0660e+06    7.3205e-17    9.2309e-17 
  1.0712e+06    7.0905e-17    8.9464e-17 
  1.0763e+06    6.8674e-17    8.6701e-17 
  1.0815e+06    6.6507e-17    8.4017e-17 
  1.0867e+06    6.4405e-17    8.1411e-17 
  1.0920e+06    6.2364e-17    7.8880e-17 
  1.0972e+06    6.0384e-17    7.6422e-17 
  1.1025e+06    5.8463e-17    7.4035e-17 
  1.1078e+06    5.6599e-17    7.1718e-17 
  1.1132e+06    5.4790e-17    6.9468e-17 
  1.1186e+06    5.3036e-17    6.7285e-17 
  1.1239e+06    5.1334e-17    6.5165e-17 
  1.1294e+06    4.9683e-17    6.3107e-17 
  1.1348e+06    4.8081e-17    6.1110e-17 
  1.1403e+06    4.6528e-17    5.9172e-17 
  1.1458e+06    4.5022e-17    5.7291e-17 
  1.1513e+06    4.3561e-17    5.5466e-17 
  1.1569e+06    4.2145e-17    5.3695e-17 
  1.1624e+06    4.0772e-17    5.1977e-17 
  1.1680e+06    3.9433e-17    5.0300e-17 
  1.1737e+06    3.8131e-17    4.8670e-17 
  1.1793e+06    3.6870e-17    4.7089e-17 
  1.1850e+06    3.5648e-17    4.5555e-17 
  1.1907e+06    3.4464e-17    4.4069e-17 
  1.1965e+06    3.3317e-17    4.2628e-17 
  1.2022e+06    3.2206e-17    4.1230e-17 
  1.2080e+06    3.1129e-17    3.9876e-17 
  1.2139e+06    3.0086e-17    3.8563e-17 
  1.2197e+06    2.9076e-17    3.7291e-17 
  1.2256e+06    2.8097e-17    3.6057e-17 
  1.2315e+06    2.7150e-17    3.4862e-17 
  1.2374e+06    2.6232e-17    3.3704e-17 
  1.2434e+06    2.5344e-17    3.2582e-17 
  1.2494e+06    2.4484e-17    3.1495e-17 
  1.2554e+06    2.3651e-17    3.0442e-17 
  1.2615e+06    2.2844e-17    2.9422e-17 
  1.2676e+06    2.2064e-17    2.8434e-17 
  1.2737e+06    2.1308e-17    2.7476e-17 
  1.2798e+06    2.0577e-17    2.6549e-17 
  1.2860e+06    1.9870e-17    2.5652e-17 
  1.2922e+06    1.9185e-17    2.4782e-17 
  1.2984e+06    1.8522e-17    2.3941e-17 
  1.3047e+06    1.7881e-17    2.3126e-17 
  1.3110e+06    1.7261e-17    2.2337e-17 
  1.3173e+06    1.6633e-17    2.1537e-17 
  1.3237e+06    1.5978e-17    2.0701e-17 
  1.3300e+06    1.5348e-17    1.9896e-17 
  1.3365e+06    1.4741e-17    1.9121e-17 
  1.3429e+06    1.4156e-17    1.8374e-17 
  1.3494e+06    1.3593e-17    1.7654e-17 
  1.3559e+06    1.3052e-17    1.6961e-17 
  1.3624e+06    1.2531e-17    1.6293e-17 
  1.3690e+06    1.2029e-17    1.5650e-17 
  1.3756e+06    1.1546e-17    1.5030e-17 
  1.3822e+06    1.1082e-17    1.4434e-17 
  1.3889e+06    1.0635e-17    1.3860e-17 
  1.3956e+06    1.0205e-17    1.3308e-17 
  1.4023e+06    9.7910e-18    1.2776e-17 
  1.4091e+06    9.3932e-18    1.2264e-17 
  1.4159e+06    9.0106e-18    1.1771e-17 
  1.4227e+06    8.6427e-18    1.1298e-17 
  1.4296e+06    8.2890e-18    1.0841e-17 
  1.4364e+06    7.9489e-18    1.0403e-17 
  1.4434e+06    7.6219e-18    9.9808e-18 
  1.4503e+06    7.3076e-18    9.5749e-18 
  1.4573e+06    7.0056e-18    9.1845e-18 
  1.4644e+06    6.7153e-18    8.8091e-18 
  1.4714e+06    6.4364e-18    8.4482e-18 
  1.4785e+06    6.1684e-18    8.1012e-18 
  1.4856e+06    5.9110e-18    7.7676e-18 
  1.4928e+06    5.6639e-18    7.4474e-18 
  1.5000e+06    5.4266e-18    7.1395e-18 
