# Spectral response of optical components used to create the LT and IO:O
# efficiency model in 
# Liverpool Telescope Technical Note 1: Telescope and IO:O Throughput
# DOI 10.6084/m9.figshare.4659421
#
# Columns are
#	Wavelength	(A)
#	u'		(%)
#	g'		(%)
#	r'		(%)
#	i'		(%)
#	z'		(%)
#	B		(%)
#	V		(%)
#	CCD QE		(%)	No data available below 2900A
#	Cryostat window	(%)
#
 2800	 0.00	 0.00	 0.00	 0.00	 0.00	 0.00	 0.00	  nan	 0.00
 2805	 0.00	 0.00	 0.00	 0.00	 0.00	 0.00	 0.00	  nan	 0.00
 2810	 0.00	 0.00	 0.00	 0.00	 0.00	 0.00	 0.00	  nan	 0.00
 2814	 0.00	 0.00	 0.00	 0.00	 0.00	 0.00	 0.00	  nan	 0.00
 2819	 0.00	 0.00	 0.00	 0.00	 0.00	 0.00	 0.00	  nan	 0.00
 2824	 0.00	 0.00	 0.00	 0.00	 0.00	 0.00	 0.00	  nan	 0.00
 2829	 0.00	 0.00	 0.00	 0.00	 0.00	 0.00	 0.00	  nan	 0.00
 2834	 0.00	 0.00	 0.00	 0.00	 0.00	 0.00	 0.00	  nan	 0.00
 2839	 0.00	 0.00	 0.00	 0.00	 0.00	 0.00	 0.00	  nan	 0.00
 2844	 0.00	 0.00	 0.00	 0.00	 0.00	 0.00	 0.00	  nan	 0.00
 2849	 0.00	 0.00	 0.00	 0.00	 0.00	 0.00	 0.00	  nan	 0.00
 2854	 0.00	 0.00	 0.00	 0.00	 0.00	 0.00	 0.00	  nan	 0.00
 2859	 0.00	 0.00	 0.00	 0.00	 0.00	 0.00	 0.00	  nan	 0.00
 2864	 0.00	 0.00	 0.00	 0.00	 0.00	 0.00	 0.00	  nan	 0.00
 2870	 0.00	 0.00	 0.00	 0.00	 0.00	 0.00	 0.00	  nan	 0.32
 2875	 0.00	 0.00	 0.00	 0.00	 0.00	 0.00	 0.00	  nan	 2.30
 2880	 0.00	 0.00	 0.00	 0.00	 0.00	 0.00	 0.00	  nan	 4.99
 2885	 0.00	 0.00	 0.00	 0.00	 0.00	 0.00	 0.00	  nan	 8.24
 2890	 0.00	 0.00	 0.00	 0.00	 0.00	 0.00	 0.00	  nan	11.89
 2895	 0.00	 0.00	 0.00	 0.00	 0.00	 0.00	 0.00	  nan	15.82
 2900	 0.00	 0.00	 0.00	 0.00	 0.00	 0.00	 0.00	60.03	19.86
 2905	 0.00	 0.00	 0.00	 0.00	 0.00	 0.00	 0.00	59.84	23.91
 2910	 0.00	 0.00	 0.00	 0.00	 0.00	 0.00	 0.00	59.65	27.92
 2915	 0.00	 0.00	 0.00	 0.00	 0.00	 0.00	 0.00	59.47	31.88
 2920	 0.00	 0.00	 0.00	 0.00	 0.00	 0.00	 0.00	59.28	35.79
 2925	 0.00	 0.00	 0.00	 0.00	 0.00	 0.00	 0.00	59.10	39.64
 2930	 0.01	 0.00	 0.00	 0.00	 0.00	 0.00	 0.00	58.91	43.41
 2935	 0.02	 0.00	 0.00	 0.00	 0.00	 0.00	 0.00	58.72	47.10
 2940	 0.06	 0.00	 0.00	 0.00	 0.00	 0.00	 0.00	58.54	50.70
 2945	 0.13	 0.00	 0.00	 0.00	 0.00	 0.00	 0.00	58.35	54.20
 2950	 0.27	 0.00	 0.00	 0.00	 0.00	 0.00	 0.00	58.17	57.59
 2955	 0.52	 0.00	 0.00	 0.00	 0.00	 0.00	 0.00	57.98	60.86
 2960	 0.89	 0.00	 0.00	 0.00	 0.00	 0.00	 0.00	57.79	64.00
 2965	 1.41	 0.00	 0.00	 0.00	 0.00	 0.00	 0.00	57.61	67.01
 2970	 2.06	 0.00	 0.00	 0.00	 0.00	 0.00	 0.00	57.42	69.86
 2975	 2.84	 0.00	 0.00	 0.00	 0.00	 0.00	 0.00	57.24	72.55
 2980	 3.77	 0.00	 0.00	 0.00	 0.00	 0.00	 0.00	57.05	75.08
 2985	 4.82	 0.00	 0.00	 0.00	 0.00	 0.00	 0.00	56.87	77.43
 2990	 5.97	 0.00	 0.00	 0.00	 0.00	 0.00	 0.00	56.68	79.60
 2995	 7.18	 0.00	 0.00	 0.00	 0.00	 0.00	 0.00	56.50	81.57
 3000	 8.39	 0.00	 0.00	 0.00	 0.00	 0.00	 0.00	56.31	83.33
 3005	 9.54	 0.00	 0.00	 0.00	 0.00	 0.00	 0.00	56.13	84.88
 3010	10.65	 0.00	 0.00	 0.00	 0.00	 0.00	 0.00	55.94	86.15
 3015	11.79	 0.00	 0.00	 0.00	 0.00	 0.00	 0.00	55.76	87.13
 3020	13.02	 0.00	 0.00	 0.00	 0.00	 0.00	 0.00	55.58	87.93
 3025	14.37	 0.00	 0.00	 0.00	 0.00	 0.00	 0.00	55.39	88.66
 3030	15.80	 0.00	 0.00	 0.00	 0.00	 0.00	 0.00	55.21	89.37
 3035	17.23	 0.00	 0.00	 0.00	 0.00	 0.00	 0.00	55.03	90.05
 3040	18.58	 0.00	 0.00	 0.00	 0.00	 0.00	 0.00	54.84	90.69
 3045	19.81	 0.00	 0.00	 0.00	 0.00	 0.00	 0.00	54.66	91.27
 3050	20.92	 0.00	 0.00	 0.00	 0.00	 0.00	 0.00	54.48	91.77
 3055	22.01	 0.00	 0.00	 0.00	 0.00	 0.00	 0.00	54.30	92.19
 3060	23.16	 0.00	 0.00	 0.00	 0.00	 0.00	 0.00	54.12	92.57
 3065	24.40	 0.00	 0.00	 0.00	 0.00	 0.00	 0.00	53.94	92.94
 3070	25.74	 0.00	 0.00	 0.00	 0.00	 0.00	 0.00	53.76	93.29
 3075	27.12	 0.00	 0.00	 0.00	 0.00	 0.00	 0.00	53.58	93.62
 3080	28.45	 0.00	 0.00	 0.00	 0.00	 0.00	 0.00	53.40	93.91
 3085	29.68	 0.00	 0.00	 0.00	 0.00	 0.00	 0.00	53.22	94.15
 3090	30.78	 0.00	 0.00	 0.00	 0.00	 0.00	 0.00	53.05	94.36
 3095	31.78	 0.00	 0.00	 0.00	 0.00	 0.00	 0.00	52.87	94.57
 3100	32.75	 0.00	 0.00	 0.00	 0.00	 0.00	 0.00	52.70	94.78
 3105	33.77	 0.00	 0.00	 0.00	 0.00	 0.00	 0.00	52.52	94.97
 3110	34.92	 0.00	 0.00	 0.00	 0.00	 0.00	 0.00	52.35	95.15
 3115	36.17	 0.00	 0.00	 0.00	 0.00	 0.00	 0.00	52.18	95.30
 3120	37.54	 0.00	 0.00	 0.00	 0.00	 0.00	 0.00	52.01	95.46
 3125	38.95	 0.00	 0.00	 0.00	 0.00	 0.00	 0.00	51.84	95.65
 3130	40.28	 0.00	 0.00	 0.00	 0.00	 0.00	 0.00	51.67	95.84
 3135	41.46	 0.00	 0.00	 0.00	 0.00	 0.00	 0.00	51.50	95.99
 3140	42.49	 0.00	 0.00	 0.00	 0.00	 0.00	 0.00	51.33	96.11
 3145	43.33	 0.00	 0.00	 0.00	 0.00	 0.00	 0.00	51.17	96.21
 3150	44.03	 0.00	 0.00	 0.00	 0.00	 0.00	 0.00	51.00	96.31
 3155	44.68	 0.00	 0.00	 0.00	 0.00	 0.00	 0.00	50.84	96.40
 3160	45.34	 0.00	 0.00	 0.00	 0.00	 0.00	 0.00	50.68	96.50
 3165	46.08	 0.00	 0.00	 0.00	 0.00	 0.00	 0.00	50.52	96.62
 3170	46.93	 0.00	 0.00	 0.00	 0.00	 0.00	 0.00	50.36	96.73
 3175	47.92	 0.00	 0.00	 0.00	 0.00	 0.00	 0.00	50.20	96.82
 3180	49.03	 0.00	 0.00	 0.00	 0.00	 0.00	 0.00	50.04	96.89
 3185	50.23	 0.00	 0.00	 0.00	 0.00	 0.00	 0.00	49.89	97.00
 3190	51.51	 0.00	 0.00	 0.00	 0.00	 0.00	 0.00	49.74	97.14
 3195	52.81	 0.00	 0.00	 0.00	 0.00	 0.00	 0.00	49.58	97.28
 3200	54.11	 0.00	 0.00	 0.00	 0.00	 0.00	 0.00	49.43	97.40
 3205	55.37	 0.00	 0.00	 0.00	 0.00	 0.00	 0.00	49.29	97.46
 3210	56.56	 0.00	 0.00	 0.00	 0.00	 0.00	 0.00	49.14	97.50
 3215	57.70	 0.00	 0.00	 0.00	 0.00	 0.00	 0.00	48.99	97.56
 3220	58.79	 0.00	 0.00	 0.00	 0.00	 0.00	 0.00	48.85	97.65
 3225	59.81	 0.00	 0.00	 0.00	 0.00	 0.00	 0.00	48.71	97.78
 3230	60.77	 0.00	 0.00	 0.00	 0.00	 0.00	 0.00	48.57	97.91
 3235	61.69	 0.00	 0.00	 0.00	 0.00	 0.00	 0.00	48.43	98.00
 3240	62.56	 0.00	 0.00	 0.00	 0.00	 0.00	 0.00	48.29	98.05
 3245	63.40	 0.00	 0.00	 0.00	 0.00	 0.00	 0.00	48.16	98.07
 3250	64.22	 0.00	 0.00	 0.00	 0.00	 0.00	 0.00	48.03	98.07
 3255	65.00	 0.00	 0.00	 0.00	 0.00	 0.00	 0.00	47.90	98.07
 3260	65.76	 0.00	 0.00	 0.00	 0.00	 0.00	 0.00	47.77	98.06
 3265	66.50	 0.00	 0.00	 0.00	 0.00	 0.00	 0.00	47.64	98.05
 3270	67.21	 0.00	 0.00	 0.00	 0.00	 0.00	 0.00	47.52	98.04
 3275	67.90	 0.00	 0.00	 0.00	 0.00	 0.00	 0.00	47.39	98.07
 3280	68.58	 0.00	 0.00	 0.00	 0.00	 0.00	 0.00	47.27	98.13
 3285	69.23	 0.00	 0.00	 0.00	 0.00	 0.00	 0.00	47.16	98.22
 3290	69.85	 0.00	 0.00	 0.00	 0.00	 0.00	 0.00	47.04	98.32
 3295	70.46	 0.00	 0.00	 0.00	 0.00	 0.00	 0.00	46.93	98.36
 3300	71.05	 0.00	 0.00	 0.00	 0.00	 0.00	 0.00	46.81	98.38
 3305	71.62	 0.00	 0.00	 0.00	 0.00	 0.00	 0.00	46.70	98.38
 3310	72.18	 0.00	 0.00	 0.00	 0.00	 0.00	 0.00	46.60	98.39
 3315	72.74	 0.00	 0.00	 0.00	 0.00	 0.00	 0.00	46.49	98.40
 3320	73.28	 0.00	 0.00	 0.00	 0.00	 0.00	 0.00	46.39	98.42
 3325	73.82	 0.00	 0.00	 0.00	 0.00	 0.00	 0.00	46.29	98.45
 3330	74.33	 0.00	 0.00	 0.00	 0.00	 0.00	 0.00	46.19	98.48
 3335	74.84	 0.00	 0.00	 0.00	 0.00	 0.00	 0.00	46.09	98.52
 3340	75.32	 0.00	 0.00	 0.00	 0.00	 0.00	 0.00	46.00	98.55
 3345	75.80	 0.00	 0.00	 0.00	 0.00	 0.00	 0.00	45.90	98.56
 3350	76.24	 0.00	 0.00	 0.00	 0.00	 0.00	 0.00	45.81	98.58
 3355	76.67	 0.00	 0.00	 0.00	 0.00	 0.00	 0.00	45.73	98.63
 3360	77.06	 0.00	 0.00	 0.00	 0.00	 0.00	 0.00	45.64	98.69
 3365	77.43	 0.00	 0.00	 0.00	 0.00	 0.00	 0.00	45.56	98.73
 3370	77.78	 0.00	 0.00	 0.00	 0.00	 0.00	 0.00	45.48	98.75
 3375	78.11	 0.00	 0.00	 0.00	 0.00	 0.00	 0.00	45.40	98.75
 3380	78.41	 0.00	 0.00	 0.00	 0.00	 0.00	 0.00	45.32	98.73
 3385	78.70	 0.00	 0.00	 0.00	 0.00	 0.00	 0.00	45.25	98.72
 3390	78.98	 0.00	 0.00	 0.00	 0.00	 0.00	 0.00	45.18	98.71
 3395	79.25	 0.00	 0.00	 0.00	 0.00	 0.00	 0.00	45.11	98.71
 3400	79.49	 0.00	 0.00	 0.00	 0.00	 0.00	 0.00	45.04	98.70
 3405	79.72	 0.00	 0.00	 0.00	 0.00	 0.00	 0.00	44.98	98.69
 3410	79.96	 0.00	 0.00	 0.00	 0.00	 0.00	 0.00	44.92	98.70
 3415	80.18	 0.00	 0.00	 0.00	 0.00	 0.00	 0.00	44.86	98.74
 3420	80.39	 0.00	 0.00	 0.00	 0.00	 0.00	 0.00	44.80	98.77
 3425	80.59	 0.00	 0.00	 0.00	 0.00	 0.00	 0.00	44.75	98.76
 3430	80.79	 0.00	 0.00	 0.00	 0.00	 0.00	 0.00	44.69	98.74
 3435	80.97	 0.00	 0.00	 0.00	 0.00	 0.00	 0.00	44.64	98.74
 3439	81.16	 0.00	 0.00	 0.00	 0.00	 0.00	 0.00	44.60	98.75
 3444	81.34	 0.00	 0.00	 0.00	 0.00	 0.00	 0.00	44.55	98.73
 3449	81.53	 0.00	 0.00	 0.00	 0.00	 0.00	 0.00	44.51	98.72
 3454	81.70	 0.00	 0.00	 0.00	 0.00	 0.00	 0.00	44.47	98.74
 3459	81.87	 0.00	 0.00	 0.00	 0.00	 0.00	 0.00	44.43	98.78
 3464	82.06	 0.00	 0.00	 0.00	 0.00	 0.00	 0.00	44.40	98.80
 3469	82.23	 0.00	 0.00	 0.00	 0.00	 0.00	 0.00	44.37	98.81
 3474	82.40	 0.00	 0.00	 0.00	 0.00	 0.00	 0.00	44.34	98.81
 3479	82.56	 0.00	 0.00	 0.00	 0.00	 0.00	 0.00	44.31	98.78
 3484	82.73	 0.00	 0.00	 0.00	 0.00	 0.00	 0.00	44.29	98.75
 3489	82.89	 0.00	 0.00	 0.00	 0.00	 0.00	 0.00	44.27	98.71
 3495	83.06	 0.00	 0.00	 0.00	 0.00	 0.00	 0.00	44.25	98.67
 3500	83.23	 0.00	 0.00	 0.00	 0.00	 0.00	 0.00	44.23	98.64
 3505	83.38	 0.00	 0.00	 0.00	 0.00	 0.00	 0.00	44.22	98.62
 3510	83.53	 0.00	 0.00	 0.00	 0.00	 0.00	 0.00	44.21	98.61
 3515	83.68	 0.00	 0.00	 0.00	 0.00	 0.00	 0.00	44.20	98.59
 3520	83.82	 0.00	 0.00	 0.00	 0.00	 0.00	 0.00	44.20	98.57
 3525	83.95	 0.00	 0.00	 0.00	 0.00	 0.00	 0.00	44.20	98.54
 3530	84.03	 0.00	 0.00	 0.00	 0.00	 0.00	 0.00	44.20	98.51
 3535	84.09	 0.00	 0.00	 0.00	 0.00	 0.00	 0.00	44.20	98.49
 3540	84.14	 0.00	 0.00	 0.00	 0.00	 0.00	 0.00	44.21	98.47
 3545	84.14	 0.00	 0.00	 0.00	 0.00	 0.00	 0.00	44.22	98.45
 3550	84.08	 0.00	 0.00	 0.00	 0.00	 0.00	 0.00	44.23	98.44
 3555	84.00	 0.00	 0.00	 0.00	 0.00	 0.00	 0.00	44.24	98.44
 3560	83.89	 0.00	 0.00	 0.00	 0.00	 0.00	 0.00	44.26	98.44
 3565	83.76	 0.00	 0.00	 0.00	 0.00	 0.00	 0.00	44.28	98.44
 3570	83.59	 0.00	 0.00	 0.00	 0.00	 0.00	 0.00	44.30	98.43
 3575	83.41	 0.00	 0.00	 0.00	 0.00	 0.00	 0.00	44.33	98.40
 3580	83.23	 0.00	 0.00	 0.00	 0.00	 0.00	 0.00	44.35	98.36
 3585	83.04	 0.00	 0.00	 0.00	 0.00	 0.00	 0.00	44.38	98.31
 3590	82.84	 0.00	 0.00	 0.00	 0.00	 0.00	 0.00	44.42	98.29
 3595	82.64	 0.00	 0.00	 0.00	 0.00	 0.00	 0.00	44.45	98.28
 3600	82.45	 0.00	 0.00	 0.00	 0.00	 0.00	 0.00	44.49	98.29
 3605	82.28	 0.00	 0.00	 0.00	 0.00	 0.00	 0.00	44.54	98.32
 3610	82.09	 0.00	 0.00	 0.00	 0.00	 0.00	 0.00	44.58	98.34
 3615	81.88	 0.00	 0.00	 0.00	 0.00	 0.00	 0.00	44.63	98.34
 3620	81.66	 0.00	 0.00	 0.00	 0.00	 0.00	 0.00	44.68	98.32
 3625	81.43	 0.00	 0.00	 0.00	 0.00	 0.00	 0.00	44.73	98.30
 3630	81.18	 0.00	 0.00	 0.00	 0.00	 0.00	 0.00	44.79	98.28
 3635	80.89	 0.00	 0.00	 0.00	 0.00	 0.00	 0.00	44.84	98.25
 3640	80.54	 0.00	 0.00	 0.00	 0.00	 0.00	 0.00	44.90	98.23
 3645	80.15	 0.00	 0.00	 0.00	 0.00	 0.00	 0.00	44.97	98.22
 3650	79.74	 0.00	 0.00	 0.00	 0.00	 0.00	 0.00	45.03	98.21
 3655	79.29	 0.00	 0.00	 0.00	 0.00	 0.00	 0.00	45.10	98.21
 3660	78.81	 0.00	 0.00	 0.00	 0.00	 0.00	 0.00	45.17	98.21
 3665	78.30	 0.00	 0.00	 0.00	 0.00	 0.00	 0.00	45.25	98.21
 3670	77.74	 0.00	 0.00	 0.00	 0.00	 0.00	 0.00	45.32	98.21
 3675	77.17	 0.00	 0.00	 0.00	 0.00	 0.00	 0.00	45.40	98.20
 3680	76.60	 0.00	 0.00	 0.00	 0.00	 0.00	 0.00	45.48	98.19
 3685	76.00	 0.00	 0.00	 0.00	 0.00	 0.00	 0.00	45.56	98.17
 3690	75.40	 0.00	 0.00	 0.00	 0.00	 0.00	 0.00	45.65	98.17
 3695	74.78	 0.00	 0.00	 0.00	 0.00	 0.00	 0.00	45.74	98.19
 3700	74.12	 0.00	 0.00	 0.00	 0.00	 0.00	 0.00	45.83	98.21
 3705	73.42	 0.00	 0.00	 0.00	 0.00	 0.00	 0.00	45.92	98.22
 3710	72.68	 0.00	 0.00	 0.00	 0.00	 0.00	 0.00	46.01	98.21
 3715	71.89	 0.00	 0.00	 0.00	 0.00	 0.00	 0.00	46.11	98.20
 3720	71.03	 0.00	 0.00	 0.00	 0.00	 0.00	 0.00	46.21	98.18
 3725	70.10	 0.00	 0.00	 0.00	 0.00	 0.00	 0.00	46.31	98.18
 3730	69.09	 0.00	 0.00	 0.00	 0.00	 0.00	 0.00	46.41	98.19
 3735	67.99	 0.00	 0.00	 0.00	 0.00	 0.00	 0.00	46.52	98.18
 3740	66.79	 0.00	 0.00	 0.00	 0.00	 0.00	 0.00	46.63	98.17
 3745	65.52	 0.00	 0.00	 0.00	 0.00	 0.00	 0.00	46.73	98.18
 3750	64.16	 0.00	 0.00	 0.00	 0.00	 0.00	 0.00	46.85	98.19
 3755	62.75	 0.00	 0.00	 0.00	 0.00	 0.00	 0.00	46.96	98.19
 3760	61.27	 0.00	 0.00	 0.00	 0.00	 0.00	 0.00	47.08	98.18
 3765	59.73	 0.00	 0.00	 0.00	 0.00	 0.24	 0.00	47.19	98.17
 3770	58.15	 0.01	 0.00	 0.00	 0.00	 0.36	 0.00	47.31	98.16
 3775	56.57	 0.01	 0.00	 0.00	 0.00	 0.55	 0.00	47.43	98.15
 3780	54.95	 0.01	 0.00	 0.00	 0.00	 0.81	 0.00	47.56	98.13
 3785	53.31	 0.01	 0.00	 0.00	 0.00	 1.16	 0.00	47.68	98.11
 3790	51.68	 0.01	 0.00	 0.00	 0.00	 1.64	 0.00	47.81	98.10
 3795	50.04	 0.01	 0.00	 0.00	 0.00	 2.35	 0.00	47.94	98.09
 3800	48.38	 0.01	 0.00	 0.00	 0.00	 3.40	 0.00	48.07	98.08
 3805	46.73	 0.01	 0.00	 0.00	 0.00	 4.91	 0.00	48.20	98.09
 3810	45.06	 0.01	 0.00	 0.00	 0.00	 6.95	 0.00	48.33	98.09
 3815	43.36	 0.01	 0.00	 0.00	 0.00	 9.56	 0.00	48.47	98.10
 3820	41.65	 0.01	 0.00	 0.00	 0.00	12.80	 0.00	48.60	98.11
 3825	39.92	 0.01	 0.00	 0.00	 0.00	16.60	 0.00	48.74	98.10
 3830	38.13	 0.01	 0.00	 0.00	 0.00	20.73	 0.00	48.88	98.09
 3835	36.31	 0.01	 0.00	 0.00	 0.00	24.74	 0.00	49.02	98.07
 3840	34.49	 0.01	 0.00	 0.00	 0.00	28.49	 0.00	49.16	98.05
 3845	32.64	 0.01	 0.00	 0.00	 0.00	32.01	 0.00	49.30	98.05
 3850	30.77	 0.01	 0.00	 0.00	 0.00	35.27	 0.00	49.45	98.06
 3855	28.90	 0.01	 0.00	 0.00	 0.00	38.29	 0.00	49.59	98.09
 3860	27.02	 0.01	 0.00	 0.00	 0.00	41.09	 0.00	49.74	98.12
 3865	25.16	 0.01	 0.00	 0.00	 0.00	43.67	 0.00	49.89	98.13
 3870	23.32	 0.01	 0.00	 0.00	 0.00	46.03	 0.00	50.04	98.13
 3875	21.53	 0.01	 0.00	 0.00	 0.00	48.18	 0.00	50.19	98.12
 3880	19.78	 0.02	 0.00	 0.00	 0.00	50.10	 0.00	50.34	98.11
 3885	18.12	 0.02	 0.00	 0.00	 0.00	51.73	 0.00	50.49	98.11
 3890	16.51	 0.03	 0.00	 0.00	 0.00	53.06	 0.00	50.65	98.10
 3895	14.96	 0.04	 0.00	 0.00	 0.00	54.15	 0.00	50.80	98.09
 3900	13.51	 0.05	 0.00	 0.00	 0.00	55.07	 0.00	50.95	98.08
 3905	12.15	 0.08	 0.00	 0.00	 0.00	55.91	 0.00	51.11	98.08
 3910	10.87	 0.13	 0.00	 0.00	 0.00	56.73	 0.00	51.27	98.09
 3915	 9.69	 0.19	 0.00	 0.00	 0.00	57.53	 0.00	51.42	98.11
 3920	 8.59	 0.30	 0.00	 0.00	 0.00	58.33	 0.00	51.58	98.12
 3925	 7.57	 0.46	 0.00	 0.00	 0.00	59.09	 0.00	51.74	98.12
 3930	 6.64	 0.69	 0.00	 0.00	 0.00	59.80	 0.00	51.90	98.11
 3935	 5.80	 1.02	 0.00	 0.00	 0.00	60.46	 0.00	52.06	98.11
 3940	 5.03	 1.48	 0.00	 0.00	 0.00	61.04	 0.00	52.22	98.10
 3945	 4.34	 2.09	 0.00	 0.00	 0.00	61.55	 0.00	52.38	98.11
 3950	 3.73	 2.91	 0.00	 0.00	 0.00	62.01	 0.00	52.54	98.12
 3955	 3.18	 3.98	 0.00	 0.00	 0.00	62.42	 0.00	52.70	98.13
 3960	 2.69	 5.35	 0.00	 0.00	 0.00	62.79	 0.00	52.86	98.14
 3965	 2.27	 7.01	 0.00	 0.00	 0.00	63.14	 0.00	53.03	98.14
 3970	 1.90	 9.01	 0.00	 0.00	 0.00	63.47	 0.00	53.19	98.14
 3975	 1.58	11.37	 0.00	 0.00	 0.00	63.79	 0.00	53.35	98.14
 3980	 1.31	14.03	 0.00	 0.00	 0.00	64.11	 0.00	53.52	98.14
 3985	 1.07	16.96	 0.00	 0.00	 0.00	64.43	 0.00	53.68	98.13
 3990	 0.88	20.14	 0.00	 0.00	 0.00	64.76	 0.00	53.84	98.13
 3995	 0.71	23.47	 0.00	 0.00	 0.00	65.08	 0.00	54.01	98.15
 4000	 0.57	26.88	 0.00	 0.00	 0.00	65.40	 0.00	54.17	98.17
 4005	 0.46	30.31	 0.00	 0.00	 0.00	65.72	 0.00	54.33	98.18
 4010	 0.37	33.72	 0.00	 0.00	 0.00	66.02	 0.00	54.50	98.19
 4015	 0.29	37.05	 0.00	 0.00	 0.00	66.31	 0.00	54.66	98.19
 4020	 0.23	40.32	 0.00	 0.00	 0.00	66.59	 0.00	54.82	98.19
 4025	 0.18	43.50	 0.00	 0.00	 0.00	66.84	 0.00	54.99	98.19
 4030	 0.14	46.51	 0.00	 0.00	 0.00	67.06	 0.00	55.15	98.19
 4035	 0.11	49.39	 0.00	 0.00	 0.00	67.27	 0.00	55.32	98.20
 4040	 0.08	52.13	 0.00	 0.00	 0.00	67.46	 0.00	55.48	98.22
 4045	 0.06	54.66	 0.00	 0.00	 0.00	67.66	 0.00	55.64	98.23
 4050	 0.05	56.99	 0.00	 0.00	 0.00	67.85	 0.00	55.81	98.23
 4055	 0.04	59.12	 0.00	 0.00	 0.00	68.06	 0.00	55.97	98.23
 4060	 0.03	61.03	 0.00	 0.00	 0.00	68.27	 0.00	56.13	98.23
 4064	 0.02	62.71	 0.00	 0.00	 0.00	68.49	 0.00	56.30	98.23
 4069	 0.02	64.19	 0.00	 0.00	 0.00	68.70	 0.00	56.46	98.23
 4074	 0.01	65.50	 0.00	 0.00	 0.00	68.89	 0.00	56.62	98.23
 4079	 0.01	66.65	 0.00	 0.00	 0.00	69.07	 0.00	56.79	98.23
 4084	 0.01	67.69	 0.00	 0.00	 0.00	69.22	 0.00	56.95	98.23
 4089	 0.00	68.65	 0.00	 0.00	 0.00	69.35	 0.00	57.11	98.23
 4094	 0.00	69.54	 0.00	 0.00	 0.00	69.47	 0.00	57.28	98.24
 4100	 0.00	70.37	 0.00	 0.00	 0.00	69.57	 0.00	57.44	98.25
 4105	 0.00	71.13	 0.00	 0.00	 0.00	69.68	 0.00	57.60	98.26
 4110	 0.00	71.83	 0.00	 0.00	 0.00	69.79	 0.00	57.77	98.26
 4115	 0.00	72.47	 0.00	 0.00	 0.00	69.90	 0.00	57.93	98.26
 4120	 0.00	73.04	 0.00	 0.00	 0.00	70.01	 0.00	58.09	98.25
 4125	 0.00	73.51	 0.00	 0.00	 0.00	70.12	 0.00	58.25	98.25
 4130	 0.00	73.87	 0.00	 0.00	 0.00	70.23	 0.00	58.42	98.25
 4135	 0.00	74.17	 0.00	 0.00	 0.00	70.33	 0.00	58.58	98.25
 4140	 0.00	74.40	 0.00	 0.00	 0.00	70.42	 0.00	58.74	98.25
 4145	 0.00	74.58	 0.00	 0.00	 0.00	70.51	 0.00	58.90	98.25
 4150	 0.00	74.74	 0.00	 0.00	 0.00	70.59	 0.00	59.07	98.26
 4155	 0.00	74.91	 0.00	 0.00	 0.00	70.66	 0.00	59.23	98.27
 4160	 0.00	75.09	 0.00	 0.00	 0.00	70.73	 0.00	59.39	98.27
 4165	 0.00	75.33	 0.00	 0.00	 0.00	70.79	 0.00	59.55	98.27
 4170	 0.00	75.60	 0.00	 0.00	 0.00	70.86	 0.00	59.71	98.27
 4175	 0.00	75.92	 0.00	 0.00	 0.00	70.94	 0.00	59.88	98.26
 4180	 0.00	76.28	 0.00	 0.00	 0.00	71.01	 0.00	60.04	98.25
 4185	 0.00	76.70	 0.00	 0.00	 0.00	71.09	 0.00	60.20	98.25
 4190	 0.00	77.12	 0.00	 0.00	 0.00	71.17	 0.00	60.36	98.25
 4195	 0.00	77.53	 0.00	 0.00	 0.00	71.24	 0.00	60.52	98.25
 4200	 0.00	77.92	 0.00	 0.00	 0.00	71.31	 0.00	60.68	98.25
 4205	 0.00	78.27	 0.00	 0.00	 0.00	71.36	 0.00	60.84	98.24
 4210	 0.00	78.59	 0.00	 0.00	 0.00	71.41	 0.00	61.00	98.23
 4215	 0.00	78.86	 0.00	 0.00	 0.00	71.46	 0.00	61.16	98.22
 4220	 0.00	79.07	 0.00	 0.00	 0.00	71.49	 0.00	61.32	98.22
 4225	 0.00	79.25	 0.00	 0.00	 0.00	71.52	 0.00	61.48	98.21
 4230	 0.00	79.39	 0.00	 0.00	 0.00	71.53	 0.00	61.64	98.21
 4235	 0.00	79.51	 0.00	 0.00	 0.00	71.54	 0.00	61.80	98.20
 4240	 0.00	79.63	 0.00	 0.00	 0.00	71.54	 0.00	61.96	98.19
 4245	 0.00	79.76	 0.00	 0.00	 0.00	71.53	 0.00	62.12	98.20
 4250	 0.00	79.91	 0.00	 0.00	 0.00	71.52	 0.00	62.28	98.20
 4255	 0.00	80.08	 0.00	 0.00	 0.00	71.50	 0.00	62.44	98.19
 4260	 0.00	80.25	 0.00	 0.00	 0.00	71.47	 0.00	62.60	98.18
 4265	 0.00	80.46	 0.00	 0.00	 0.00	71.44	 0.00	62.75	98.17
 4270	 0.00	80.67	 0.00	 0.00	 0.00	71.40	 0.00	62.91	98.16
 4275	 0.00	80.89	 0.00	 0.00	 0.00	71.35	 0.00	63.07	98.16
 4280	 0.00	81.10	 0.00	 0.00	 0.00	71.30	 0.00	63.23	98.16
 4285	 0.00	81.29	 0.00	 0.00	 0.00	71.24	 0.00	63.38	98.16
 4290	 0.00	81.45	 0.00	 0.00	 0.00	71.18	 0.00	63.54	98.15
 4295	 0.00	81.58	 0.00	 0.00	 0.00	71.12	 0.00	63.70	98.14
 4300	 0.00	81.67	 0.00	 0.00	 0.00	71.05	 0.00	63.85	98.14
 4305	 0.00	81.74	 0.00	 0.00	 0.00	70.98	 0.00	64.01	98.15
 4310	 0.00	81.79	 0.00	 0.00	 0.00	70.91	 0.00	64.17	98.15
 4315	 0.00	81.83	 0.00	 0.00	 0.00	70.84	 0.00	64.32	98.15
 4320	 0.00	81.85	 0.00	 0.00	 0.00	70.76	 0.00	64.48	98.14
 4325	 0.00	81.89	 0.00	 0.00	 0.00	70.69	 0.00	64.63	98.12
 4330	 0.00	81.94	 0.00	 0.00	 0.00	70.62	 0.00	64.79	98.11
 4335	 0.00	82.00	 0.00	 0.00	 0.00	70.54	 0.00	64.94	98.11
 4340	 0.00	82.10	 0.00	 0.00	 0.00	70.47	 0.00	65.10	98.11
 4345	 0.00	82.23	 0.00	 0.00	 0.00	70.41	 0.00	65.25	98.12
 4350	 0.00	82.38	 0.00	 0.00	 0.00	70.34	 0.00	65.40	98.12
 4355	 0.00	82.55	 0.00	 0.00	 0.00	70.28	 0.00	65.56	98.13
 4360	 0.00	82.72	 0.00	 0.00	 0.00	70.23	 0.00	65.71	98.13
 4365	 0.00	82.90	 0.00	 0.00	 0.00	70.18	 0.00	65.86	98.12
 4370	 0.00	83.08	 0.00	 0.00	 0.00	70.13	 0.00	66.02	98.11
 4375	 0.00	83.25	 0.00	 0.00	 0.00	70.09	 0.00	66.17	98.11
 4380	 0.00	83.40	 0.00	 0.00	 0.00	70.04	 0.00	66.32	98.11
 4385	 0.00	83.53	 0.00	 0.00	 0.00	69.99	 0.00	66.47	98.10
 4390	 0.00	83.64	 0.00	 0.00	 0.00	69.94	 0.00	66.62	98.09
 4395	 0.00	83.70	 0.00	 0.00	 0.00	69.87	 0.00	66.77	98.08
 4400	 0.00	83.73	 0.00	 0.00	 0.00	69.79	 0.00	66.92	98.07
 4405	 0.00	83.74	 0.00	 0.00	 0.00	69.69	 0.00	67.07	98.06
 4410	 0.00	83.75	 0.00	 0.00	 0.00	69.58	 0.00	67.22	98.06
 4415	 0.00	83.73	 0.00	 0.00	 0.00	69.46	 0.00	67.37	98.06
 4420	 0.00	83.73	 0.00	 0.00	 0.00	69.33	 0.00	67.52	98.06
 4425	 0.00	83.73	 0.00	 0.00	 0.00	69.21	 0.00	67.67	98.05
 4430	 0.00	83.73	 0.00	 0.00	 0.00	69.08	 0.00	67.82	98.04
 4435	 0.00	83.74	 0.00	 0.00	 0.00	68.95	 0.00	67.97	98.04
 4440	 0.00	83.77	 0.00	 0.00	 0.00	68.82	 0.00	68.11	98.04
 4445	 0.00	83.83	 0.00	 0.00	 0.00	68.68	 0.00	68.26	98.04
 4450	 0.00	83.91	 0.00	 0.00	 0.00	68.54	 0.00	68.41	98.04
 4455	 0.00	84.02	 0.00	 0.00	 0.00	68.38	 0.00	68.55	98.04
 4460	 0.00	84.14	 0.00	 0.00	 0.00	68.21	 0.00	68.70	98.05
 4465	 0.00	84.28	 0.00	 0.00	 0.00	68.03	 0.00	68.84	98.04
 4470	 0.00	84.44	 0.00	 0.00	 0.00	67.83	 0.00	68.99	98.03
 4475	 0.00	84.60	 0.00	 0.00	 0.00	67.61	 0.00	69.13	98.02
 4480	 0.00	84.75	 0.00	 0.00	 0.00	67.39	 0.00	69.28	98.01
 4485	 0.00	84.91	 0.00	 0.00	 0.00	67.16	 0.00	69.42	98.02
 4490	 0.00	85.07	 0.00	 0.00	 0.00	66.92	 0.00	69.57	98.03
 4495	 0.00	85.22	 0.00	 0.00	 0.00	66.68	 0.00	69.71	98.03
 4500	 0.00	85.37	 0.00	 0.00	 0.00	66.45	 0.00	69.85	98.03
 4505	 0.00	85.51	 0.00	 0.00	 0.00	66.21	 0.00	69.99	98.02
 4510	 0.00	85.64	 0.00	 0.00	 0.00	65.99	 0.00	70.13	98.00
 4515	 0.00	85.76	 0.00	 0.00	 0.00	65.78	 0.00	70.28	97.99
 4520	 0.00	85.88	 0.00	 0.00	 0.00	65.57	 0.00	70.42	97.99
 4525	 0.00	85.99	 0.00	 0.00	 0.00	65.38	 0.00	70.56	97.99
 4530	 0.00	86.11	 0.00	 0.00	 0.00	65.18	 0.00	70.70	98.00
 4535	 0.00	86.21	 0.00	 0.00	 0.00	64.98	 0.00	70.83	98.01
 4540	 0.00	86.30	 0.00	 0.00	 0.00	64.76	 0.00	70.97	98.01
 4545	 0.00	86.39	 0.00	 0.00	 0.00	64.54	 0.00	71.11	98.01
 4550	 0.00	86.47	 0.00	 0.00	 0.00	64.29	 0.00	71.25	98.00
 4555	 0.00	86.56	 0.00	 0.00	 0.00	64.03	 0.00	71.39	98.00
 4560	 0.00	86.64	 0.00	 0.00	 0.00	63.76	 0.00	71.52	97.99
 4565	 0.00	86.72	 0.00	 0.00	 0.00	63.46	 0.00	71.66	97.99
 4570	 0.00	86.80	 0.00	 0.00	 0.00	63.15	 0.00	71.80	97.99
 4575	 0.00	86.89	 0.00	 0.00	 0.00	62.84	 0.00	71.93	97.99
 4580	 0.00	86.97	 0.00	 0.00	 0.00	62.53	 0.00	72.07	98.00
 4585	 0.00	87.05	 0.00	 0.00	 0.00	62.22	 0.00	72.20	98.01
 4590	 0.00	87.14	 0.00	 0.00	 0.00	61.90	 0.00	72.34	98.02
 4595	 0.00	87.23	 0.00	 0.00	 0.00	61.57	 0.00	72.47	98.03
 4600	 0.00	87.32	 0.00	 0.00	 0.00	61.23	 0.00	72.61	98.04
 4605	 0.00	87.41	 0.00	 0.00	 0.00	60.86	 0.00	72.74	98.05
 4610	 0.00	87.50	 0.00	 0.00	 0.00	60.47	 0.00	72.87	98.05
 4615	 0.00	87.59	 0.00	 0.00	 0.00	60.05	 0.00	73.01	98.07
 4620	 0.00	87.68	 0.00	 0.00	 0.00	59.63	 0.00	73.14	98.07
 4625	 0.00	87.77	 0.00	 0.00	 0.00	59.19	 0.00	73.27	98.07
 4630	 0.00	87.86	 0.00	 0.00	 0.00	58.75	 0.00	73.40	98.07
 4635	 0.00	87.95	 0.00	 0.00	 0.00	58.30	 0.00	73.53	98.07
 4640	 0.00	88.04	 0.00	 0.00	 0.00	57.85	 0.00	73.66	98.08
 4645	 0.00	88.12	 0.00	 0.00	 0.00	57.40	 0.00	73.79	98.09
 4650	 0.00	88.19	 0.00	 0.00	 0.00	56.93	 0.00	73.92	98.09
 4655	 0.00	88.27	 0.00	 0.00	 0.00	56.44	 0.00	74.05	98.09
 4660	 0.00	88.34	 0.00	 0.00	 0.00	55.91	 0.00	74.18	98.10
 4665	 0.00	88.40	 0.00	 0.00	 0.00	55.35	 0.00	74.31	98.11
 4670	 0.00	88.46	 0.00	 0.00	 0.00	54.74	 0.00	74.44	98.11
 4675	 0.00	88.51	 0.00	 0.00	 0.00	54.09	 0.00	74.56	98.11
 4680	 0.00	88.56	 0.00	 0.00	 0.00	53.40	 0.00	74.69	98.11
 4685	 0.00	88.60	 0.00	 0.00	 0.00	52.69	 0.00	74.82	98.12
 4690	 0.00	88.64	 0.00	 0.00	 0.00	52.00	 0.00	74.95	98.13
 4695	 0.00	88.68	 0.00	 0.00	 0.00	51.34	 0.00	75.07	98.14
 4700	 0.00	88.71	 0.00	 0.00	 0.00	50.70	 0.00	75.20	98.14
 4705	 0.00	88.75	 0.00	 0.00	 0.00	50.06	 0.00	75.32	98.14
 4710	 0.00	88.78	 0.00	 0.00	 0.00	49.42	 0.00	75.45	98.14
 4715	 0.00	88.81	 0.00	 0.00	 0.00	48.76	 0.00	75.57	98.13
 4720	 0.00	88.85	 0.00	 0.00	 0.00	48.07	 0.00	75.70	98.13
 4725	 0.00	88.89	 0.00	 0.00	 0.00	47.34	 0.00	75.82	98.13
 4730	 0.00	88.94	 0.00	 0.00	 0.00	46.61	 0.00	75.94	98.15
 4735	 0.00	88.98	 0.00	 0.00	 0.00	45.86	 0.00	76.07	98.17
 4740	 0.00	89.03	 0.00	 0.00	 0.00	45.07	 0.00	76.19	98.18
 4745	 0.00	89.09	 0.00	 0.00	 0.00	44.24	 0.00	76.31	98.19
 4750	 0.00	89.14	 0.00	 0.00	 0.00	43.39	 0.00	76.43	98.20
 4755	 0.00	89.21	 0.00	 0.00	 0.00	42.56	 0.00	76.56	98.20
 4760	 0.00	89.28	 0.00	 0.00	 0.00	41.78	 0.24	76.68	98.20
 4765	 0.00	89.34	 0.00	 0.00	 0.00	41.10	 0.37	76.80	98.21
 4770	 0.00	89.41	 0.01	 0.00	 0.00	40.48	 0.51	76.92	98.22
 4775	 0.00	89.49	 0.01	 0.00	 0.00	39.86	 0.68	77.04	98.23
 4780	 0.00	89.56	 0.01	 0.00	 0.00	39.21	 0.86	77.16	98.24
 4785	 0.00	89.63	 0.01	 0.00	 0.00	38.48	 1.09	77.28	98.25
 4790	 0.00	89.71	 0.01	 0.00	 0.00	37.74	 1.37	77.40	98.26
 4795	 0.00	89.78	 0.01	 0.00	 0.00	36.99	 1.72	77.52	98.26
 4800	 0.00	89.86	 0.01	 0.00	 0.00	36.22	 2.19	77.64	98.26
 4805	 0.00	89.94	 0.01	 0.00	 0.00	35.45	 2.83	77.75	98.25
 4810	 0.00	90.01	 0.01	 0.00	 0.00	34.71	 3.66	77.87	98.25
 4815	 0.00	90.08	 0.01	 0.00	 0.00	33.99	 4.66	77.99	98.27
 4820	 0.00	90.14	 0.01	 0.00	 0.00	33.29	 5.79	78.11	98.29
 4825	 0.00	90.20	 0.01	 0.00	 0.00	32.62	 6.95	78.22	98.31
 4830	 0.00	90.25	 0.01	 0.00	 0.00	31.95	 8.17	78.34	98.32
 4835	 0.00	90.30	 0.01	 0.00	 0.00	31.28	 9.59	78.46	98.33
 4840	 0.00	90.34	 0.01	 0.00	 0.00	30.57	11.28	78.57	98.33
 4845	 0.00	90.37	 0.01	 0.00	 0.00	29.79	13.20	78.69	98.33
 4850	 0.00	90.40	 0.01	 0.00	 0.00	28.96	15.37	78.80	98.33
 4855	 0.00	90.42	 0.01	 0.00	 0.00	28.14	17.64	78.92	98.33
 4860	 0.00	90.44	 0.01	 0.00	 0.00	27.36	20.00	79.03	98.33
 4865	 0.00	90.45	 0.01	 0.00	 0.00	26.63	22.64	79.14	98.33
 4870	 0.00	90.45	 0.01	 0.00	 0.00	25.95	25.27	79.26	98.33
 4875	 0.00	90.45	 0.01	 0.00	 0.00	25.30	27.66	79.37	98.35
 4880	 0.00	90.44	 0.01	 0.00	 0.00	24.69	29.93	79.49	98.38
 4885	 0.00	90.43	 0.01	 0.00	 0.00	24.10	32.39	79.60	98.40
 4890	 0.00	90.43	 0.01	 0.00	 0.00	23.51	35.30	79.71	98.41
 4895	 0.00	90.42	 0.01	 0.00	 0.00	22.92	38.26	79.82	98.41
 4900	 0.00	90.41	 0.01	 0.00	 0.00	22.32	40.94	79.93	98.40
 4905	 0.00	90.40	 0.01	 0.00	 0.00	21.74	43.55	80.05	98.40
 4910	 0.00	90.40	 0.01	 0.00	 0.00	21.19	46.35	80.16	98.40
 4915	 0.00	90.39	 0.01	 0.00	 0.00	20.65	49.14	80.27	98.39
 4920	 0.00	90.39	 0.01	 0.00	 0.00	20.13	51.58	80.38	98.39
 4925	 0.00	90.40	 0.01	 0.00	 0.00	19.63	53.69	80.49	98.39
 4930	 0.00	90.40	 0.01	 0.00	 0.00	19.14	55.81	80.60	98.40
 4935	 0.00	90.41	 0.01	 0.00	 0.00	18.67	58.13	80.71	98.41
 4940	 0.00	90.43	 0.01	 0.00	 0.00	18.20	60.42	80.82	98.41
 4945	 0.00	90.44	 0.01	 0.00	 0.00	17.75	62.37	80.93	98.42
 4950	 0.00	90.46	 0.01	 0.00	 0.00	17.29	63.91	81.04	98.42
 4955	 0.00	90.47	 0.01	 0.00	 0.00	16.84	65.39	81.14	98.43
 4960	 0.00	90.49	 0.01	 0.00	 0.00	16.39	67.03	81.25	98.45
 4965	 0.00	90.51	 0.01	 0.00	 0.00	15.93	68.66	81.36	98.46
 4970	 0.00	90.52	 0.01	 0.00	 0.00	15.49	70.18	81.47	98.47
 4975	 0.00	90.53	 0.01	 0.00	 0.00	15.08	71.53	81.58	98.47
 4980	 0.00	90.53	 0.00	 0.00	 0.00	14.69	72.75	81.68	98.46
 4985	 0.00	90.54	 0.00	 0.00	 0.00	14.34	73.95	81.79	98.45
 4990	 0.00	90.54	 0.00	 0.00	 0.00	14.00	75.20	81.90	98.44
 4995	 0.00	90.53	 0.00	 0.00	 0.00	13.66	76.35	82.00	98.45
 5000	 0.00	90.52	 0.01	 0.00	 0.00	13.33	77.27	82.11	98.46
 5004	 0.00	90.51	 0.01	 0.00	 0.00	12.99	77.99	82.21	98.47
 5010	 0.00	90.49	 0.01	 0.00	 0.00	12.65	78.60	82.32	98.46
 5014	 0.00	90.47	 0.01	 0.00	 0.00	12.31	79.23	82.42	98.45
 5020	 0.00	90.45	 0.01	 0.00	 0.00	11.96	79.92	82.53	98.44
 5024	 0.00	90.42	 0.00	 0.00	 0.00	11.61	80.65	82.63	98.44
 5030	 0.00	90.39	 0.00	 0.00	 0.00	11.25	81.33	82.74	98.43
 5034	 0.00	90.36	 0.00	 0.00	 0.00	10.89	81.93	82.84	98.43
 5040	 0.00	90.33	 0.01	 0.00	 0.00	10.53	82.41	82.95	98.42
 5044	 0.00	90.30	 0.01	 0.00	 0.00	10.17	82.83	83.05	98.42
 5050	 0.00	90.26	 0.01	 0.00	 0.00	 9.81	83.19	83.15	98.42
 5054	 0.00	90.23	 0.00	 0.00	 0.00	 9.47	83.53	83.26	98.42
 5060	 0.00	90.20	 0.00	 0.00	 0.00	 9.13	83.86	83.36	98.42
 5064	 0.00	90.18	 0.00	 0.00	 0.00	 8.79	84.17	83.46	98.42
 5070	 0.00	90.16	 0.00	 0.00	 0.00	 8.47	84.46	83.56	98.42
 5074	 0.00	90.15	 0.00	 0.00	 0.00	 8.16	84.73	83.66	98.42
 5080	 0.00	90.14	 0.00	 0.00	 0.00	 7.85	84.98	83.76	98.42
 5084	 0.00	90.13	 0.00	 0.00	 0.00	 7.55	85.21	83.86	98.41
 5090	 0.00	90.13	 0.00	 0.00	 0.00	 7.26	85.42	83.97	98.40
 5094	 0.00	90.14	 0.00	 0.00	 0.00	 6.97	85.61	84.07	98.39
 5100	 0.00	90.14	 0.00	 0.00	 0.00	 6.68	85.79	84.17	98.39
 5104	 0.00	90.15	 0.00	 0.00	 0.00	 6.41	85.95	84.26	98.38
 5110	 0.00	90.17	 0.00	 0.00	 0.00	 6.14	86.10	84.36	98.38
 5115	 0.00	90.19	 0.00	 0.00	 0.00	 5.88	86.22	84.46	98.38
 5120	 0.00	90.21	 0.00	 0.00	 0.00	 5.64	86.33	84.56	98.38
 5125	 0.00	90.23	 0.00	 0.00	 0.00	 5.41	86.41	84.66	98.37
 5130	 0.00	90.26	 0.00	 0.00	 0.00	 5.19	86.49	84.76	98.36
 5135	 0.00	90.29	 0.00	 0.00	 0.00	 4.99	86.55	84.85	98.36
 5140	 0.00	90.32	 0.00	 0.00	 0.00	 4.80	86.59	84.95	98.35
 5145	 0.00	90.35	 0.00	 0.00	 0.00	 4.61	86.63	85.05	98.34
 5150	 0.00	90.38	 0.00	 0.00	 0.00	 4.43	86.65	85.14	98.34
 5155	 0.00	90.42	 0.00	 0.00	 0.00	 4.26	86.67	85.24	98.33
 5160	 0.00	90.46	 0.00	 0.00	 0.00	 4.09	86.68	85.34	98.32
 5165	 0.00	90.50	 0.00	 0.00	 0.00	 3.93	86.69	85.43	98.31
 5170	 0.00	90.53	 0.00	 0.00	 0.00	 3.77	86.68	85.53	98.30
 5175	 0.00	90.57	 0.00	 0.00	 0.00	 3.61	86.67	85.62	98.29
 5180	 0.00	90.60	 0.00	 0.00	 0.00	 3.46	86.65	85.71	98.29
 5185	 0.00	90.64	 0.00	 0.00	 0.00	 3.31	86.62	85.81	98.28
 5190	 0.00	90.67	 0.00	 0.00	 0.00	 3.16	86.57	85.90	98.28
 5195	 0.00	90.71	 0.00	 0.00	 0.00	 3.02	86.52	85.99	98.28
 5200	 0.00	90.74	 0.00	 0.00	 0.00	 2.89	86.45	86.09	98.27
 5205	 0.00	90.77	 0.00	 0.00	 0.00	 2.76	86.38	86.18	98.27
 5210	 0.00	90.79	 0.00	 0.00	 0.00	 2.63	86.31	86.27	98.26
 5215	 0.00	90.81	 0.00	 0.00	 0.00	 2.51	86.23	86.36	98.25
 5220	 0.00	90.81	 0.00	 0.00	 0.00	 2.39	86.16	86.45	98.23
 5225	 0.00	90.82	 0.01	 0.00	 0.00	 2.28	86.08	86.54	98.22
 5230	 0.00	90.81	 0.01	 0.00	 0.00	 2.17	86.00	86.63	98.22
 5235	 0.00	90.80	 0.01	 0.00	 0.00	 2.07	85.91	86.72	98.22
 5240	 0.00	90.78	 0.01	 0.00	 0.00	 1.97	85.81	86.81	98.23
 5245	 0.00	90.74	 0.01	 0.00	 0.00	 1.87	85.71	86.90	98.23
 5250	 0.00	90.69	 0.01	 0.00	 0.00	 1.77	85.59	86.99	98.22
 5255	 0.00	90.64	 0.01	 0.00	 0.00	 1.69	85.47	87.08	98.21
 5260	 0.00	90.57	 0.01	 0.00	 0.00	 1.60	85.35	87.16	98.19
 5265	 0.00	90.50	 0.02	 0.00	 0.00	 1.52	85.22	87.25	98.18
 5270	 0.00	90.42	 0.02	 0.00	 0.00	 1.45	85.08	87.34	98.16
 5275	 0.00	90.34	 0.03	 0.00	 0.00	 1.38	84.94	87.42	98.15
 5280	 0.00	90.25	 0.03	 0.00	 0.00	 1.32	84.80	87.51	98.14
 5285	 0.00	90.15	 0.04	 0.00	 0.00	 1.26	84.65	87.60	98.13
 5290	 0.00	90.05	 0.06	 0.00	 0.00	 1.21	84.50	87.68	98.12
 5295	 0.00	89.95	 0.07	 0.00	 0.00	 1.16	84.35	87.77	98.12
 5300	 0.00	89.86	 0.09	 0.00	 0.00	 1.12	84.18	87.85	98.12
 5305	 0.00	89.78	 0.12	 0.00	 0.00	 1.08	84.01	87.93	98.12
 5310	 0.00	89.71	 0.15	 0.00	 0.00	 1.04	83.84	88.02	98.12
 5315	 0.00	89.64	 0.20	 0.00	 0.00	 1.01	83.66	88.10	98.12
 5320	 0.00	89.58	 0.25	 0.00	 0.00	 0.99	83.47	88.18	98.11
 5325	 0.00	89.52	 0.31	 0.00	 0.00	 0.96	83.28	88.26	98.10
 5330	 0.00	89.48	 0.39	 0.00	 0.00	 0.94	83.09	88.34	98.09
 5335	 0.00	89.46	 0.49	 0.00	 0.00	 0.92	82.88	88.42	98.09
 5340	 0.00	89.44	 0.60	 0.00	 0.00	 0.90	82.68	88.50	98.09
 5345	 0.00	89.41	 0.75	 0.00	 0.00	 0.88	82.46	88.58	98.08
 5350	 0.00	89.37	 0.92	 0.00	 0.00	 0.86	82.23	88.66	98.08
 5355	 0.00	89.31	 1.12	 0.00	 0.00	 0.85	81.99	88.74	98.07
 5360	 0.00	89.23	 1.35	 0.00	 0.00	 0.83	81.74	88.82	98.07
 5365	 0.00	89.13	 1.63	 0.00	 0.00	 0.82	81.49	88.90	98.06
 5370	 0.00	88.97	 1.95	 0.00	 0.00	 0.81	81.23	88.98	98.05
 5375	 0.00	88.77	 2.32	 0.00	 0.00	 0.81	80.97	89.05	98.04
 5380	 0.00	88.52	 2.75	 0.00	 0.00	 0.80	80.71	89.13	98.04
 5385	 0.00	88.21	 3.24	 0.00	 0.00	 0.80	80.44	89.20	98.03
 5390	 0.00	87.86	 3.79	 0.00	 0.00	 0.80	80.17	89.28	98.02
 5395	 0.00	87.46	 4.42	 0.00	 0.00	 0.80	79.90	89.36	98.01
 5400	 0.00	86.99	 5.11	 0.00	 0.00	 0.80	79.63	89.43	98.00
 5405	 0.00	86.49	 5.89	 0.00	 0.00	 0.81	79.35	89.50	98.00
 5410	 0.00	85.96	 6.75	 0.00	 0.00	 0.82	79.06	89.58	98.00
 5415	 0.00	85.41	 7.70	 0.00	 0.00	 0.83	78.77	89.65	98.00
 5420	 0.00	84.87	 8.73	 0.00	 0.00	 0.84	78.46	89.72	98.00
 5425	 0.00	84.38	 9.84	 0.00	 0.00	 0.85	78.15	89.79	98.00
 5430	 0.00	83.94	11.05	 0.00	 0.00	 0.87	77.81	89.86	98.00
 5435	 0.00	83.59	12.34	 0.00	 0.00	 0.88	77.46	89.94	97.99
 5440	 0.00	83.32	13.74	 0.00	 0.00	 0.90	77.10	90.01	97.99
 5445	 0.00	83.17	15.23	 0.00	 0.00	 0.91	76.73	90.07	97.98
 5450	 0.00	83.16	16.79	 0.00	 0.00	 0.93	76.36	90.14	97.98
 5455	 0.00	83.27	18.43	 0.00	 0.00	 0.94	76.00	90.21	97.97
 5460	 0.00	83.48	20.16	 0.00	 0.00	 0.95	75.68	90.28	97.97
 5465	 0.00	83.76	21.94	 0.00	 0.00	 0.96	75.38	90.35	97.97
 5470	 0.00	84.03	23.78	 0.00	 0.00	 0.97	75.08	90.41	97.97
 5475	 0.00	84.21	25.69	 0.00	 0.00	 0.97	74.73	90.48	97.97
 5480	 0.00	84.14	27.64	 0.00	 0.00	 0.97	74.31	90.55	97.97
 5485	 0.00	83.64	29.63	 0.00	 0.00	 0.96	73.86	90.61	97.96
 5490	 0.00	82.49	31.64	 0.00	 0.00	 0.96	73.45	90.68	97.96
 5495	 0.00	80.48	33.69	 0.00	 0.00	 0.96	73.08	90.74	97.95
 5500	 0.00	77.42	35.75	 0.00	 0.00	 0.96	72.71	90.80	97.95
 5505	 0.00	73.20	37.83	 0.00	 0.00	 0.96	72.33	90.87	97.95
 5510	 0.00	67.88	39.92	 0.00	 0.00	 0.97	71.93	90.93	97.96
 5515	 0.00	61.70	41.97	 0.00	 0.00	 0.99	71.53	90.99	97.96
 5520	 0.00	54.88	44.02	 0.00	 0.00	 1.01	71.11	91.05	97.96
 5525	 0.00	47.77	46.05	 0.00	 0.00	 1.04	70.68	91.11	97.97
 5530	 0.00	40.85	48.04	 0.00	 0.00	 1.07	70.22	91.17	97.97
 5535	 0.00	34.34	49.99	 0.00	 0.00	 1.11	69.73	91.23	97.98
 5540	 0.00	28.42	51.93	 0.00	 0.00	 1.14	69.22	91.29	97.98
 5545	 0.00	23.30	53.81	 0.00	 0.00	 1.18	68.75	91.35	97.97
 5550	 0.00	18.99	55.64	 0.00	 0.00	 1.22	68.34	91.41	97.97
 5555	 0.00	15.41	57.41	 0.00	 0.00	 1.25	67.94	91.47	97.97
 5560	 0.00	12.48	59.13	 0.00	 0.00	 1.28	67.51	91.52	97.97
 5565	 0.00	10.12	60.80	 0.00	 0.00	 1.31	67.02	91.58	97.97
 5570	 0.00	 8.21	62.43	 0.00	 0.00	 1.33	66.46	91.64	97.97
 5575	 0.00	 6.67	64.00	 0.00	 0.00	 1.34	65.88	91.69	97.96
 5580	 0.00	 5.45	65.50	 0.00	 0.00	 1.35	65.30	91.75	97.95
 5585	 0.00	 4.47	66.95	 0.00	 0.00	 1.35	64.74	91.80	97.95
 5590	 0.00	 3.68	68.34	 0.00	 0.00	 1.35	64.23	91.85	97.95
 5595	 0.00	 3.05	69.66	 0.00	 0.00	 1.35	63.74	91.91	97.95
 5600	 0.00	 2.53	70.92	 0.00	 0.00	 1.35	63.26	91.96	97.95
 5605	 0.00	 2.11	72.15	 0.00	 0.00	 1.34	62.75	92.01	97.97
 5610	 0.00	 1.77	73.31	 0.00	 0.00	 1.33	62.19	92.07	97.98
 5615	 0.00	 1.49	74.41	 0.00	 0.00	 1.33	61.62	92.12	97.99
 5620	 0.00	 1.26	75.47	 0.00	 0.00	 1.33	61.05	92.17	97.99
 5625	 0.00	 1.07	76.48	 0.00	 0.00	 1.32	60.52	92.22	97.98
 5629	 0.00	 0.91	77.43	 0.00	 0.00	 1.32	60.02	92.27	97.97
 5635	 0.00	 0.78	78.34	 0.00	 0.00	 1.31	59.52	92.32	97.97
 5639	 0.00	 0.67	79.21	 0.00	 0.00	 1.30	58.99	92.37	97.98
 5645	 0.00	 0.57	80.03	 0.00	 0.00	 1.28	58.40	92.42	97.98
 5649	 0.00	 0.49	80.82	 0.00	 0.00	 1.27	57.77	92.47	97.99
 5655	 0.00	 0.43	81.56	 0.00	 0.00	 1.24	57.15	92.51	98.00
 5659	 0.00	 0.37	82.26	 0.00	 0.00	 1.21	56.55	92.56	97.99
 5665	 0.00	 0.32	82.93	 0.00	 0.00	 1.18	55.97	92.61	97.99
 5669	 0.00	 0.28	83.56	 0.00	 0.00	 1.15	55.42	92.66	97.98
 5675	 0.00	 0.25	84.15	 0.00	 0.00	 1.11	54.88	92.70	97.98
 5679	 0.00	 0.22	84.72	 0.00	 0.00	 1.08	54.35	92.75	97.98
 5685	 0.00	 0.19	85.25	 0.00	 0.00	 1.04	53.81	92.80	97.98
 5689	 0.00	 0.17	85.75	 0.00	 0.00	 1.01	53.26	92.84	97.98
 5695	 0.00	 0.15	86.23	 0.00	 0.00	 0.98	52.68	92.89	97.98
 5699	 0.00	 0.13	86.66	 0.00	 0.00	 0.95	52.05	92.93	97.99
 5705	 0.00	 0.12	87.06	 0.00	 0.00	 0.92	51.34	92.98	97.99
 5709	 0.00	 0.10	87.45	 0.00	 0.00	 0.90	50.60	93.02	97.99
 5715	 0.00	 0.09	87.82	 0.00	 0.00	 0.88	49.98	93.06	97.99
 5719	 0.00	 0.08	88.17	 0.00	 0.00	 0.86	49.46	93.11	97.99
 5725	 0.00	 0.07	88.49	 0.00	 0.00	 0.83	48.96	93.15	98.00
 5729	 0.00	 0.07	88.80	 0.00	 0.00	 0.81	48.38	93.19	98.01
 5735	 0.00	 0.06	89.10	 0.00	 0.00	 0.78	47.73	93.23	98.01
 5740	 0.00	 0.05	89.39	 0.00	 0.00	 0.74	47.03	93.28	98.01
 5745	 0.00	 0.05	89.64	 0.00	 0.00	 0.70	46.35	93.32	98.00
 5750	 0.00	 0.04	89.87	 0.00	 0.00	 0.66	45.72	93.36	98.00
 5755	 0.00	 0.04	90.09	 0.00	 0.00	 0.61	45.15	93.40	98.00
 5760	 0.00	 0.03	90.28	 0.00	 0.00	 0.55	44.63	93.44	97.99
 5765	 0.00	 0.03	90.47	 0.00	 0.00	 0.50	44.13	93.48	97.99
 5770	 0.00	 0.03	90.65	 0.00	 0.00	 0.44	43.60	93.52	97.99
 5775	 0.00	 0.02	90.83	 0.00	 0.00	 0.38	43.00	93.56	98.00
 5780	 0.00	 0.02	91.00	 0.00	 0.00	 0.32	42.37	93.60	98.01
 5785	 0.00	 0.02	91.17	 0.00	 0.00	 0.27	41.72	93.64	98.01
 5790	 0.00	 0.02	91.32	 0.00	 0.00	 0.23	41.09	93.68	98.01
 5795	 0.00	 0.02	91.45	 0.00	 0.00	 0.00	40.49	93.72	98.01
 5800	 0.00	 0.01	91.56	 0.00	 0.00	 0.00	39.91	93.76	98.01
 5805	 0.00	 0.01	91.69	 0.00	 0.00	 0.00	39.36	93.80	98.01
 5810	 0.00	 0.01	91.82	 0.00	 0.00	 0.00	38.81	93.84	98.02
 5815	 0.00	 0.01	91.96	 0.00	 0.00	 0.00	38.25	93.87	98.03
 5820	 0.00	 0.01	92.08	 0.00	 0.00	 0.00	37.66	93.91	98.04
 5825	 0.00	 0.01	92.18	 0.00	 0.00	 0.00	37.03	93.95	98.04
 5830	 0.00	 0.01	92.27	 0.00	 0.00	 0.00	36.34	93.99	98.04
 5835	 0.00	 0.01	92.38	 0.00	 0.00	 0.00	35.64	94.02	98.04
 5840	 0.00	 0.01	92.49	 0.00	 0.00	 0.00	35.01	94.06	98.04
 5845	 0.00	 0.01	92.61	 0.00	 0.00	 0.00	34.44	94.10	98.04
 5850	 0.00	 0.01	92.70	 0.00	 0.00	 0.00	33.92	94.13	98.04
 5855	 0.00	 0.00	92.79	 0.00	 0.00	 0.00	33.41	94.17	98.04
 5860	 0.00	 0.00	92.88	 0.00	 0.00	 0.00	32.88	94.21	98.04
 5865	 0.00	 0.00	92.99	 0.00	 0.00	 0.00	32.31	94.24	98.04
 5870	 0.00	 0.00	93.09	 0.00	 0.00	 0.00	31.66	94.28	98.04
 5875	 0.00	 0.00	93.17	 0.00	 0.00	 0.00	30.97	94.31	98.03
 5880	 0.00	 0.00	93.26	 0.00	 0.00	 0.00	30.35	94.35	98.03
 5885	 0.00	 0.00	93.36	 0.00	 0.00	 0.00	29.79	94.38	98.05
 5890	 0.00	 0.00	93.46	 0.00	 0.00	 0.00	29.27	94.42	98.06
 5895	 0.00	 0.00	93.54	 0.00	 0.00	 0.00	28.77	94.45	98.07
 5900	 0.00	 0.00	93.63	 0.00	 0.00	 0.00	28.25	94.49	98.06
 5905	 0.00	 0.00	93.72	 0.00	 0.00	 0.00	27.71	94.52	98.05
 5910	 0.00	 0.00	93.80	 0.00	 0.00	 0.00	27.11	94.56	98.03
 5915	 0.00	 0.00	93.86	 0.00	 0.00	 0.00	26.45	94.59	98.02
 5920	 0.00	 0.00	93.93	 0.00	 0.00	 0.00	25.79	94.63	98.02
 5925	 0.00	 0.00	94.02	 0.00	 0.00	 0.00	25.20	94.66	98.04
 5930	 0.00	 0.00	94.09	 0.00	 0.00	 0.00	24.69	94.69	98.06
 5935	 0.00	 0.00	94.14	 0.00	 0.00	 0.00	24.20	94.73	98.08
 5940	 0.00	 0.00	94.21	 0.00	 0.00	 0.00	23.72	94.76	98.08
 5945	 0.00	 0.00	94.26	 0.00	 0.00	 0.00	23.24	94.79	98.09
 5950	 0.00	 0.00	94.30	 0.00	 0.00	 0.00	22.78	94.83	98.09
 5955	 0.00	 0.00	94.34	 0.00	 0.00	 0.00	22.35	94.86	98.09
 5960	 0.00	 0.00	94.39	 0.00	 0.00	 0.00	21.91	94.90	98.09
 5965	 0.00	 0.00	94.42	 0.00	 0.00	 0.00	21.46	94.93	98.08
 5970	 0.00	 0.00	94.46	 0.00	 0.00	 0.00	20.94	94.96	98.07
 5975	 0.00	 0.00	94.50	 0.00	 0.00	 0.00	20.39	94.99	98.07
 5980	 0.00	 0.00	94.53	 0.00	 0.00	 0.00	19.86	95.03	98.07
 5985	 0.00	 0.00	94.53	 0.00	 0.00	 0.00	19.40	95.06	98.08
 5990	 0.00	 0.00	94.55	 0.00	 0.00	 0.00	18.97	95.09	98.09
 5995	 0.00	 0.00	94.58	 0.00	 0.00	 0.00	18.55	95.13	98.08
 6000	 0.00	 0.00	94.59	 0.00	 0.00	 0.00	18.11	95.16	98.08
 6005	 0.00	 0.00	94.58	 0.00	 0.00	 0.00	17.64	95.19	98.09
 6010	 0.00	 0.00	94.58	 0.00	 0.00	 0.00	17.13	95.23	98.09
 6015	 0.00	 0.00	94.60	 0.00	 0.00	 0.00	16.62	95.26	98.09
 6020	 0.00	 0.00	94.61	 0.00	 0.00	 0.00	16.12	95.29	98.09
 6025	 0.00	 0.00	94.61	 0.00	 0.00	 0.00	15.65	95.32	98.09
 6030	 0.00	 0.00	94.61	 0.00	 0.00	 0.00	15.23	95.36	98.10
 6035	 0.00	 0.00	94.60	 0.00	 0.00	 0.00	14.84	95.39	98.10
 6040	 0.00	 0.00	94.60	 0.00	 0.00	 0.00	14.48	95.42	98.11
 6045	 0.00	 0.00	94.59	 0.00	 0.00	 0.00	14.12	95.46	98.12
 6050	 0.00	 0.00	94.58	 0.00	 0.00	 0.00	13.76	95.49	98.13
 6055	 0.00	 0.00	94.57	 0.00	 0.00	 0.00	13.38	95.52	98.13
 6060	 0.00	 0.00	94.57	 0.00	 0.00	 0.00	13.00	95.55	98.13
 6065	 0.00	 0.00	94.57	 0.00	 0.00	 0.00	12.63	95.59	98.13
 6070	 0.00	 0.00	94.57	 0.00	 0.00	 0.00	12.27	95.62	98.13
 6075	 0.00	 0.00	94.57	 0.00	 0.00	 0.00	11.93	95.65	98.13
 6080	 0.00	 0.00	94.56	 0.00	 0.00	 0.00	11.60	95.68	98.13
 6085	 0.00	 0.00	94.56	 0.00	 0.00	 0.00	11.29	95.71	98.13
 6090	 0.00	 0.00	94.55	 0.00	 0.00	 0.00	10.97	95.75	98.13
 6095	 0.00	 0.00	94.55	 0.00	 0.00	 0.00	10.66	95.78	98.13
 6100	 0.00	 0.00	94.56	 0.00	 0.00	 0.00	10.35	95.81	98.14
 6105	 0.00	 0.00	94.57	 0.00	 0.00	 0.00	10.05	95.84	98.14
 6110	 0.00	 0.00	94.58	 0.00	 0.00	 0.00	 9.75	95.87	98.15
 6115	 0.00	 0.00	94.60	 0.00	 0.00	 0.00	 9.46	95.91	98.15
 6120	 0.00	 0.00	94.62	 0.00	 0.00	 0.00	 9.17	95.94	98.15
 6125	 0.00	 0.00	94.66	 0.00	 0.00	 0.00	 8.89	95.97	98.15
 6130	 0.00	 0.00	94.69	 0.00	 0.00	 0.00	 8.62	96.00	98.15
 6135	 0.00	 0.00	94.71	 0.00	 0.00	 0.00	 8.34	96.03	98.16
 6140	 0.00	 0.00	94.74	 0.00	 0.00	 0.00	 8.07	96.07	98.16
 6145	 0.00	 0.00	94.76	 0.00	 0.00	 0.00	 7.81	96.10	98.17
 6150	 0.00	 0.00	94.77	 0.00	 0.00	 0.00	 7.54	96.13	98.17
 6155	 0.00	 0.00	94.80	 0.00	 0.00	 0.00	 7.28	96.16	98.17
 6160	 0.00	 0.00	94.85	 0.00	 0.00	 0.00	 7.02	96.19	98.17
 6165	 0.00	 0.00	94.91	 0.00	 0.00	 0.00	 6.76	96.22	98.17
 6170	 0.00	 0.00	94.95	 0.00	 0.00	 0.00	 6.50	96.25	98.17
 6175	 0.00	 0.00	94.99	 0.00	 0.00	 0.00	 6.26	96.28	98.18
 6180	 0.00	 0.00	95.03	 0.00	 0.00	 0.00	 6.02	96.31	98.18
 6185	 0.00	 0.00	95.07	 0.00	 0.00	 0.00	 5.80	96.35	98.19
 6190	 0.00	 0.00	95.11	 0.00	 0.00	 0.00	 5.58	96.38	98.18
 6195	 0.00	 0.00	95.16	 0.00	 0.00	 0.00	 5.38	96.41	98.18
 6200	 0.00	 0.00	95.20	 0.00	 0.00	 0.00	 5.19	96.44	98.19
 6205	 0.00	 0.00	95.24	 0.00	 0.00	 0.00	 5.00	96.47	98.20
 6210	 0.00	 0.00	95.28	 0.00	 0.00	 0.00	 4.82	96.50	98.21
 6215	 0.00	 0.00	95.32	 0.00	 0.00	 0.00	 4.65	96.53	98.20
 6220	 0.00	 0.00	95.36	 0.00	 0.00	 0.00	 4.48	96.56	98.19
 6225	 0.00	 0.00	95.40	 0.00	 0.00	 0.00	 4.32	96.59	98.19
 6230	 0.00	 0.00	95.43	 0.00	 0.00	 0.00	 4.17	96.62	98.20
 6235	 0.00	 0.00	95.47	 0.00	 0.00	 0.00	 4.02	96.65	98.21
 6240	 0.00	 0.00	95.49	 0.00	 0.00	 0.00	 3.87	96.68	98.22
 6245	 0.00	 0.00	95.52	 0.00	 0.00	 0.00	 3.73	96.71	98.22
 6250	 0.00	 0.00	95.55	 0.00	 0.00	 0.00	 3.59	96.74	98.22
 6254	 0.00	 0.00	95.57	 0.00	 0.00	 0.00	 3.46	96.77	98.22
 6260	 0.00	 0.00	95.59	 0.00	 0.00	 0.00	 3.33	96.80	98.21
 6264	 0.00	 0.00	95.61	 0.00	 0.00	 0.00	 3.20	96.83	98.22
 6270	 0.00	 0.00	95.62	 0.00	 0.00	 0.00	 3.07	96.86	98.23
 6274	 0.00	 0.00	95.63	 0.00	 0.00	 0.00	 2.94	96.89	98.24
 6280	 0.00	 0.00	95.64	 0.00	 0.00	 0.00	 2.82	96.91	98.24
 6284	 0.00	 0.00	95.64	 0.00	 0.00	 0.00	 2.70	96.94	98.24
 6290	 0.00	 0.00	95.64	 0.00	 0.00	 0.00	 2.59	96.97	98.23
 6294	 0.00	 0.00	95.64	 0.00	 0.00	 0.00	 2.47	97.00	98.24
 6300	 0.00	 0.00	95.63	 0.00	 0.00	 0.00	 2.36	97.03	98.24
 6304	 0.00	 0.00	95.61	 0.00	 0.00	 0.00	 2.26	97.06	98.25
 6310	 0.00	 0.00	95.60	 0.00	 0.00	 0.00	 2.16	97.09	98.26
 6314	 0.00	 0.00	95.59	 0.00	 0.00	 0.00	 2.06	97.11	98.26
 6320	 0.00	 0.00	95.57	 0.00	 0.00	 0.00	 1.96	97.14	98.26
 6324	 0.00	 0.00	95.54	 0.00	 0.00	 0.00	 1.87	97.17	98.27
 6330	 0.00	 0.00	95.52	 0.00	 0.00	 0.00	 1.78	97.20	98.27
 6334	 0.00	 0.00	95.48	 0.00	 0.00	 0.00	 1.69	97.23	98.28
 6340	 0.00	 0.00	95.43	 0.00	 0.00	 0.00	 1.61	97.25	98.29
 6344	 0.00	 0.00	95.40	 0.00	 0.00	 0.00	 1.53	97.28	98.30
 6350	 0.00	 0.00	95.37	 0.00	 0.00	 0.00	 1.45	97.31	98.31
 6354	 0.00	 0.00	95.33	 0.00	 0.00	 0.00	 1.38	97.34	98.31
 6360	 0.00	 0.00	95.30	 0.00	 0.00	 0.00	 1.31	97.36	98.31
 6365	 0.00	 0.00	95.27	 0.00	 0.00	 0.00	 1.24	97.39	98.32
 6370	 0.00	 0.00	95.25	 0.00	 0.00	 0.00	 1.18	97.42	98.32
 6375	 0.00	 0.00	95.22	 0.00	 0.00	 0.00	 1.12	97.44	98.32
 6380	 0.00	 0.00	95.18	 0.00	 0.00	 0.00	 1.05	97.47	98.32
 6385	 0.00	 0.00	95.15	 0.00	 0.00	 0.00	 1.00	97.50	98.32
 6390	 0.00	 0.00	95.12	 0.00	 0.00	 0.00	 0.94	97.52	98.32
 6395	 0.00	 0.00	95.08	 0.00	 0.00	 0.00	 0.89	97.55	98.32
 6400	 0.00	 0.00	95.04	 0.00	 0.00	 0.00	 0.84	97.57	98.33
 6405	 0.00	 0.00	95.00	 0.00	 0.00	 0.00	 0.79	97.60	98.33
 6410	 0.00	 0.00	94.98	 0.00	 0.00	 0.00	 0.75	97.63	98.33
 6415	 0.00	 0.00	94.97	 0.00	 0.00	 0.00	 0.70	97.65	98.33
 6420	 0.00	 0.00	94.97	 0.00	 0.00	 0.00	 0.66	97.68	98.34
 6425	 0.00	 0.00	94.96	 0.00	 0.00	 0.00	 0.63	97.70	98.35
 6430	 0.00	 0.00	94.95	 0.00	 0.00	 0.00	 0.60	97.73	98.36
 6435	 0.00	 0.00	94.94	 0.00	 0.00	 0.00	 0.57	97.75	98.37
 6440	 0.00	 0.00	94.94	 0.00	 0.00	 0.00	 0.54	97.78	98.37
 6445	 0.00	 0.00	94.94	 0.00	 0.00	 0.00	 0.51	97.80	98.36
 6450	 0.00	 0.00	94.95	 0.00	 0.00	 0.00	 0.49	97.83	98.36
 6455	 0.00	 0.00	94.96	 0.00	 0.00	 0.00	 0.46	97.85	98.36
 6460	 0.00	 0.00	94.97	 0.00	 0.00	 0.00	 0.44	97.87	98.37
 6465	 0.00	 0.00	94.98	 0.00	 0.00	 0.00	 0.42	97.90	98.38
 6470	 0.00	 0.00	95.00	 0.00	 0.00	 0.00	 0.40	97.92	98.40
 6475	 0.00	 0.00	95.02	 0.00	 0.00	 0.00	 0.39	97.95	98.41
 6480	 0.00	 0.00	95.05	 0.00	 0.00	 0.00	 0.37	97.97	98.41
 6485	 0.00	 0.00	95.07	 0.00	 0.00	 0.00	 0.35	97.99	98.41
 6490	 0.00	 0.00	95.10	 0.00	 0.00	 0.00	 0.34	98.02	98.41
 6495	 0.00	 0.00	95.13	 0.00	 0.00	 0.00	 0.32	98.04	98.41
 6500	 0.00	 0.00	95.16	 0.00	 0.00	 0.00	 0.30	98.06	98.41
 6505	 0.00	 0.00	95.19	 0.00	 0.00	 0.00	 0.29	98.08	98.40
 6510	 0.00	 0.00	95.21	 0.00	 0.00	 0.00	 0.27	98.11	98.41
 6515	 0.00	 0.00	95.24	 0.00	 0.00	 0.00	 0.26	98.13	98.42
 6520	 0.00	 0.00	95.26	 0.00	 0.00	 0.00	 0.24	98.15	98.44
 6525	 0.00	 0.00	95.28	 0.00	 0.00	 0.00	 0.22	98.17	98.45
 6530	 0.00	 0.00	95.29	 0.00	 0.00	 0.00	 0.21	98.19	98.45
 6535	 0.00	 0.00	95.30	 0.00	 0.00	 0.00	 0.00	98.22	98.45
 6540	 0.00	 0.00	95.30	 0.00	 0.00	 0.00	 0.00	98.24	98.44
 6545	 0.00	 0.00	95.30	 0.00	 0.00	 0.00	 0.00	98.26	98.44
 6550	 0.00	 0.00	95.28	 0.00	 0.00	 0.00	 0.00	98.28	98.43
 6555	 0.00	 0.00	95.26	 0.00	 0.00	 0.00	 0.00	98.30	98.44
 6560	 0.00	 0.00	95.23	 0.00	 0.00	 0.00	 0.00	98.32	98.44
 6565	 0.00	 0.00	95.19	 0.00	 0.00	 0.00	 0.00	98.34	98.46
 6570	 0.00	 0.00	95.14	 0.00	 0.00	 0.00	 0.00	98.36	98.47
 6575	 0.00	 0.00	95.08	 0.00	 0.00	 0.00	 0.00	98.38	98.47
 6580	 0.00	 0.00	95.02	 0.00	 0.00	 0.00	 0.00	98.40	98.47
 6585	 0.00	 0.00	94.94	 0.00	 0.00	 0.00	 0.00	98.42	98.48
 6590	 0.00	 0.00	94.85	 0.00	 0.00	 0.00	 0.00	98.44	98.48
 6595	 0.00	 0.00	94.74	 0.01	 0.00	 0.00	 0.00	98.46	98.49
 6600	 0.00	 0.00	94.64	 0.01	 0.00	 0.00	 0.00	98.48	98.48
 6605	 0.00	 0.00	94.54	 0.01	 0.00	 0.00	 0.00	98.49	98.48
 6610	 0.00	 0.00	94.43	 0.01	 0.00	 0.00	 0.00	98.51	98.48
 6615	 0.00	 0.00	94.32	 0.01	 0.00	 0.00	 0.00	98.53	98.48
 6620	 0.00	 0.00	94.21	 0.01	 0.00	 0.00	 0.00	98.55	98.49
 6625	 0.00	 0.00	94.11	 0.02	 0.00	 0.00	 0.00	98.56	98.49
 6630	 0.00	 0.00	94.00	 0.02	 0.00	 0.00	 0.00	98.58	98.49
 6635	 0.00	 0.00	93.90	 0.03	 0.00	 0.00	 0.00	98.60	98.50
 6640	 0.00	 0.00	93.79	 0.03	 0.00	 0.00	 0.00	98.61	98.51
 6645	 0.00	 0.00	93.68	 0.04	 0.00	 0.00	 0.00	98.63	98.52
 6650	 0.00	 0.00	93.58	 0.05	 0.00	 0.00	 0.00	98.65	98.53
 6655	 0.00	 0.00	93.51	 0.06	 0.00	 0.00	 0.00	98.66	98.52
 6660	 0.00	 0.00	93.45	 0.07	 0.00	 0.00	 0.00	98.68	98.52
 6665	 0.00	 0.00	93.41	 0.09	 0.00	 0.00	 0.00	98.69	98.51
 6670	 0.00	 0.00	93.39	 0.11	 0.00	 0.00	 0.00	98.71	98.50
 6675	 0.00	 0.00	93.38	 0.13	 0.00	 0.00	 0.00	98.72	98.51
 6680	 0.00	 0.00	93.36	 0.16	 0.00	 0.00	 0.00	98.74	98.52
 6685	 0.00	 0.00	93.36	 0.19	 0.00	 0.00	 0.00	98.75	98.53
 6690	 0.00	 0.00	93.38	 0.23	 0.00	 0.00	 0.00	98.76	98.54
 6695	 0.00	 0.00	93.42	 0.27	 0.00	 0.00	 0.00	98.78	98.54
 6700	 0.00	 0.00	93.47	 0.32	 0.00	 0.00	 0.00	98.79	98.54
 6705	 0.00	 0.00	93.51	 0.39	 0.00	 0.00	 0.00	98.80	98.54
 6710	 0.00	 0.00	93.51	 0.46	 0.00	 0.00	 0.00	98.81	98.54
 6715	 0.00	 0.00	93.49	 0.55	 0.00	 0.00	 0.00	98.82	98.54
 6720	 0.00	 0.00	93.45	 0.65	 0.00	 0.00	 0.00	98.84	98.53
 6725	 0.00	 0.00	93.37	 0.76	 0.00	 0.00	 0.00	98.85	98.54
 6730	 0.00	 0.00	93.21	 0.89	 0.00	 0.00	 0.00	98.86	98.54
 6735	 0.00	 0.00	92.95	 1.05	 0.00	 0.00	 0.00	98.87	98.54
 6740	 0.00	 0.00	92.56	 1.22	 0.00	 0.00	 0.00	98.88	98.55
 6745	 0.00	 0.00	92.04	 1.42	 0.00	 0.00	 0.00	98.89	98.55
 6750	 0.00	 0.00	91.35	 1.65	 0.00	 0.00	 0.00	98.90	98.56
 6755	 0.00	 0.00	90.45	 1.91	 0.00	 0.00	 0.00	98.91	98.56
 6760	 0.00	 0.00	89.31	 2.19	 0.00	 0.00	 0.00	98.91	98.56
 6765	 0.00	 0.00	87.90	 2.51	 0.00	 0.00	 0.00	98.92	98.56
 6770	 0.00	 0.00	86.20	 2.87	 0.00	 0.00	 0.00	98.93	98.56
 6775	 0.00	 0.00	84.21	 3.28	 0.00	 0.00	 0.00	98.94	98.57
 6780	 0.00	 0.00	81.91	 3.72	 0.00	 0.00	 0.00	98.94	98.57
 6785	 0.00	 0.00	79.28	 4.20	 0.00	 0.00	 0.00	98.95	98.57
 6790	 0.00	 0.00	76.32	 4.74	 0.00	 0.00	 0.00	98.96	98.57
 6795	 0.00	 0.00	73.11	 5.32	 0.00	 0.00	 0.00	98.96	98.58
 6800	 0.00	 0.00	69.65	 5.95	 0.00	 0.00	 0.00	98.97	98.58
 6805	 0.00	 0.00	65.94	 6.64	 0.00	 0.00	 0.00	98.97	98.58
 6810	 0.00	 0.00	62.06	 7.38	 0.00	 0.00	 0.00	98.98	98.58
 6815	 0.00	 0.00	58.11	 8.18	 0.00	 0.00	 0.00	98.98	98.57
 6820	 0.00	 0.00	54.12	 9.04	 0.00	 0.00	 0.00	98.98	98.56
 6825	 0.00	 0.00	50.15	 9.95	 0.00	 0.00	 0.00	98.99	98.57
 6830	 0.00	 0.00	46.26	10.92	 0.00	 0.00	 0.00	98.99	98.58
 6835	 0.00	 0.00	42.45	11.95	 0.00	 0.00	 0.00	98.99	98.58
 6840	 0.00	 0.00	38.79	13.04	 0.00	 0.00	 0.00	98.99	98.57
 6845	 0.00	 0.00	35.38	14.17	 0.00	 0.00	 0.00	99.00	98.57
 6850	 0.00	 0.00	32.19	15.34	 0.00	 0.00	 0.00	99.00	98.56
 6855	 0.00	 0.00	29.18	16.56	 0.00	 0.00	 0.00	99.00	98.56
 6860	 0.00	 0.00	26.40	17.84	 0.00	 0.00	 0.00	99.00	98.56
 6865	 0.00	 0.00	23.85	19.17	 0.00	 0.00	 0.00	99.00	98.56
 6870	 0.00	 0.00	21.49	20.56	 0.00	 0.00	 0.00	99.00	98.55
 6875	 0.00	 0.00	19.34	21.99	 0.00	 0.00	 0.00	99.00	98.55
 6879	 0.00	 0.00	17.40	23.45	 0.00	 0.00	 0.00	98.99	98.55
 6885	 0.00	 0.00	15.65	24.96	 0.00	 0.00	 0.00	98.99	98.55
 6889	 0.00	 0.00	14.08	26.49	 0.00	 0.00	 0.00	98.99	98.55
 6895	 0.00	 0.00	12.67	28.03	 0.00	 0.00	 0.00	98.99	98.55
 6899	 0.00	 0.00	11.40	29.61	 0.00	 0.00	 0.00	98.98	98.55
 6905	 0.00	 0.00	10.26	31.22	 0.00	 0.00	 0.00	98.98	98.56
 6909	 0.00	 0.00	 9.25	32.82	 0.00	 0.00	 0.00	98.97	98.57
 6915	 0.00	 0.00	 8.34	34.44	 0.00	 0.00	 0.00	98.97	98.57
 6919	 0.00	 0.00	 7.53	36.07	 0.00	 0.00	 0.00	98.96	98.57
 6925	 0.00	 0.00	 6.81	37.70	 0.00	 0.00	 0.00	98.96	98.57
 6929	 0.00	 0.00	 6.16	39.32	 0.00	 0.00	 0.00	98.95	98.57
 6935	 0.00	 0.00	 5.57	40.95	 0.00	 0.00	 0.00	98.94	98.57
 6939	 0.00	 0.00	 5.05	42.58	 0.00	 0.00	 0.00	98.93	98.57
 6945	 0.00	 0.00	 4.58	44.19	 0.00	 0.00	 0.00	98.93	98.56
 6949	 0.00	 0.00	 4.16	45.78	 0.00	 0.00	 0.00	98.92	98.55
 6955	 0.00	 0.00	 3.78	47.34	 0.00	 0.00	 0.00	98.91	98.54
 6959	 0.00	 0.00	 3.44	48.89	 0.00	 0.00	 0.00	98.90	98.54
 6965	 0.00	 0.00	 3.14	50.43	 0.00	 0.00	 0.00	98.89	98.54
 6969	 0.00	 0.00	 2.86	51.95	 0.00	 0.00	 0.00	98.88	98.55
 6975	 0.00	 0.00	 2.62	53.41	 0.00	 0.00	 0.00	98.86	98.55
 6979	 0.00	 0.00	 2.39	54.86	 0.00	 0.00	 0.00	98.85	98.54
 6985	 0.00	 0.00	 2.19	56.29	 0.00	 0.00	 0.00	98.84	98.55
 6990	 0.00	 0.00	 2.01	57.68	 0.00	 0.00	 0.00	98.83	98.55
 6995	 0.00	 0.00	 1.84	59.03	 0.00	 0.00	 0.00	98.81	98.54
 7000	 0.00	 0.00	 1.69	60.35	 0.00	 0.00	 0.00	98.80	98.52
 7005	 0.00	 0.00	 1.56	61.65	 0.00	 0.00	 0.00	98.78	98.50
 7010	 0.00	 0.00	 1.43	62.90	 0.00	 0.00	 0.00	98.77	98.49
 7015	 0.00	 0.00	 1.32	64.12	 0.00	 0.00	 0.00	98.75	98.50
 7020	 0.00	 0.00	 1.22	65.29	 0.00	 0.00	 0.00	98.73	98.51
 7025	 0.00	 0.00	 1.13	66.42	 0.00	 0.00	 0.00	98.72	98.51
 7030	 0.00	 0.00	 1.04	67.54	 0.00	 0.00	 0.00	98.70	98.51
 7035	 0.00	 0.00	 0.96	68.64	 0.00	 0.00	 0.00	98.68	98.51
 7040	 0.00	 0.00	 0.89	69.67	 0.00	 0.00	 0.00	98.66	98.51
 7045	 0.00	 0.00	 0.83	70.66	 0.00	 0.00	 0.00	98.64	98.52
 7050	 0.00	 0.00	 0.77	71.63	 0.00	 0.00	 0.00	98.62	98.52
 7055	 0.00	 0.00	 0.72	72.58	 0.00	 0.00	 0.00	98.60	98.52
 7060	 0.00	 0.00	 0.67	73.49	 0.00	 0.00	 0.00	98.58	98.50
 7065	 0.00	 0.00	 0.62	74.36	 0.00	 0.00	 0.00	98.56	98.48
 7070	 0.00	 0.00	 0.58	75.20	 0.00	 0.00	 0.00	98.54	98.47
 7075	 0.00	 0.00	 0.54	76.02	 0.00	 0.00	 0.00	98.52	98.46
 7080	 0.00	 0.00	 0.50	76.81	 0.00	 0.00	 0.00	98.49	98.46
 7085	 0.00	 0.00	 0.47	77.56	 0.00	 0.00	 0.00	98.47	98.46
 7090	 0.00	 0.00	 0.44	78.26	 0.00	 0.00	 0.00	98.44	98.47
 7095	 0.00	 0.00	 0.41	78.96	 0.00	 0.00	 0.00	98.42	98.47
 7100	 0.00	 0.00	 0.38	79.65	 0.00	 0.00	 0.00	98.40	98.47
 7105	 0.00	 0.00	 0.36	80.30	 0.00	 0.00	 0.00	98.37	98.47
 7110	 0.00	 0.00	 0.34	80.91	 0.00	 0.00	 0.00	98.34	98.47
 7115	 0.00	 0.00	 0.32	81.50	 0.00	 0.00	 0.00	98.32	98.47
 7120	 0.00	 0.00	 0.30	82.07	 0.00	 0.00	 0.00	98.29	98.48
 7125	 0.00	 0.00	 0.28	82.64	 0.00	 0.00	 0.00	98.26	98.47
 7130	 0.00	 0.00	 0.26	83.17	 0.00	 0.00	 0.00	98.24	98.46
 7135	 0.00	 0.00	 0.25	83.68	 0.00	 0.00	 0.00	98.21	98.45
 7140	 0.00	 0.00	 0.23	84.15	 0.00	 0.00	 0.00	98.18	98.44
 7145	 0.00	 0.00	 0.22	84.61	 0.00	 0.00	 0.00	98.15	98.44
 7150	 0.00	 0.00	 0.21	85.07	 0.00	 0.00	 0.00	98.12	98.45
 7155	 0.00	 0.00	 0.20	85.50	 0.00	 0.00	 0.00	98.09	98.46
 7160	 0.00	 0.00	 0.18	85.91	 0.00	 0.00	 0.00	98.06	98.47
 7165	 0.00	 0.00	 0.17	86.31	 0.00	 0.00	 0.00	98.03	98.46
 7170	 0.00	 0.00	 0.16	86.70	 0.00	 0.00	 0.00	98.00	98.44
 7175	 0.00	 0.00	 0.16	87.07	 0.00	 0.00	 0.00	97.97	98.43
 7180	 0.00	 0.00	 0.15	87.42	 0.00	 0.00	 0.00	97.93	98.42
 7185	 0.00	 0.00	 0.14	87.74	 0.00	 0.00	 0.00	97.90	98.41
 7190	 0.00	 0.00	 0.13	88.05	 0.00	 0.00	 0.00	97.87	98.41
 7195	 0.00	 0.00	 0.13	88.38	 0.00	 0.00	 0.00	97.83	98.40
 7200	 0.00	 0.00	 0.12	88.69	 0.00	 0.00	 0.00	97.80	98.39
 7205	 0.00	 0.00	 0.11	88.97	 0.00	 0.00	 0.00	97.77	98.38
 7210	 0.00	 0.00	 0.11	89.23	 0.00	 0.00	 0.00	97.73	98.37
 7215	 0.00	 0.00	 0.10	89.47	 0.00	 0.00	 0.00	97.70	98.38
 7220	 0.00	 0.00	 0.10	89.71	 0.00	 0.00	 0.00	97.66	98.39
 7225	 0.00	 0.00	 0.09	89.97	 0.00	 0.00	 0.00	97.63	98.40
 7230	 0.00	 0.00	 0.09	90.21	 0.00	 0.00	 0.00	97.59	98.41
 7235	 0.00	 0.00	 0.08	90.42	 0.00	 0.00	 0.00	97.55	98.41
 7240	 0.00	 0.00	 0.08	90.61	 0.00	 0.00	 0.00	97.52	98.41
 7245	 0.00	 0.00	 0.08	90.81	 0.00	 0.00	 0.00	97.48	98.40
 7250	 0.00	 0.00	 0.07	91.01	 0.00	 0.00	 0.00	97.44	98.39
 7255	 0.00	 0.00	 0.07	91.20	 0.00	 0.00	 0.00	97.40	98.37
 7260	 0.00	 0.00	 0.07	91.37	 0.00	 0.00	 0.00	97.37	98.36
 7265	 0.00	 0.00	 0.06	91.53	 0.00	 0.00	 0.00	97.33	98.35
 7270	 0.00	 0.00	 0.06	91.69	 0.00	 0.00	 0.00	97.29	98.35
 7275	 0.00	 0.00	 0.06	91.85	 0.00	 0.00	 0.00	97.25	98.35
 7280	 0.00	 0.00	 0.06	92.01	 0.00	 0.00	 0.00	97.21	98.35
 7285	 0.00	 0.00	 0.05	92.15	 0.00	 0.00	 0.00	97.17	98.36
 7290	 0.00	 0.00	 0.05	92.28	 0.00	 0.00	 0.00	97.13	98.35
 7295	 0.00	 0.00	 0.05	92.40	 0.00	 0.00	 0.00	97.09	98.35
 7300	 0.00	 0.00	 0.05	92.53	 0.00	 0.00	 0.00	97.05	98.34
 7305	 0.00	 0.00	 0.04	92.66	 0.00	 0.00	 0.00	97.01	98.34
 7310	 0.00	 0.00	 0.04	92.78	 0.00	 0.00	 0.00	96.97	98.35
 7315	 0.00	 0.00	 0.04	92.88	 0.00	 0.00	 0.00	96.93	98.35
 7320	 0.00	 0.00	 0.04	92.97	 0.00	 0.00	 0.00	96.88	98.35
 7325	 0.00	 0.00	 0.04	93.08	 0.00	 0.00	 0.00	96.84	98.34
 7330	 0.00	 0.00	 0.04	93.19	 0.00	 0.00	 0.00	96.80	98.33
 7335	 0.00	 0.00	 0.04	93.28	 0.00	 0.00	 0.00	96.76	98.33
 7340	 0.00	 0.00	 0.03	93.38	 0.00	 0.00	 0.00	96.71	98.33
 7345	 0.00	 0.00	 0.03	93.46	 0.00	 0.00	 0.00	96.67	98.33
 7350	 0.00	 0.00	 0.03	93.53	 0.00	 0.00	 0.00	96.63	98.33
 7355	 0.00	 0.00	 0.03	93.61	 0.00	 0.00	 0.00	96.58	98.34
 7360	 0.00	 0.00	 0.03	93.70	 0.00	 0.00	 0.00	96.54	98.34
 7365	 0.00	 0.00	 0.03	93.78	 0.00	 0.00	 0.00	96.50	98.33
 7370	 0.00	 0.00	 0.03	93.85	 0.00	 0.00	 0.00	96.45	98.31
 7375	 0.00	 0.00	 0.03	93.91	 0.00	 0.00	 0.00	96.41	98.30
 7380	 0.00	 0.00	 0.03	93.97	 0.00	 0.00	 0.00	96.36	98.30
 7385	 0.00	 0.00	 0.02	94.04	 0.00	 0.00	 0.00	96.32	98.30
 7390	 0.00	 0.00	 0.02	94.12	 0.00	 0.00	 0.00	96.27	98.31
 7395	 0.00	 0.00	 0.02	94.19	 0.00	 0.00	 0.00	96.23	98.31
 7400	 0.00	 0.00	 0.02	94.24	 0.00	 0.00	 0.00	96.18	98.30
 7405	 0.00	 0.00	 0.02	94.29	 0.00	 0.00	 0.00	96.13	98.30
 7410	 0.00	 0.00	 0.02	94.35	 0.00	 0.00	 0.00	96.09	98.30
 7415	 0.00	 0.00	 0.02	94.41	 0.00	 0.00	 0.00	96.04	98.30
 7420	 0.00	 0.00	 0.02	94.47	 0.00	 0.00	 0.00	96.00	98.31
 7425	 0.00	 0.00	 0.02	94.52	 0.00	 0.00	 0.00	95.95	98.31
 7430	 0.00	 0.00	 0.02	94.57	 0.00	 0.00	 0.00	95.90	98.30
 7435	 0.00	 0.00	 0.02	94.62	 0.00	 0.00	 0.00	95.85	98.30
 7440	 0.00	 0.00	 0.02	94.66	 0.00	 0.00	 0.00	95.81	98.29
 7445	 0.00	 0.00	 0.02	94.71	 0.00	 0.00	 0.00	95.76	98.29
 7450	 0.00	 0.00	 0.02	94.76	 0.00	 0.00	 0.00	95.71	98.29
 7455	 0.00	 0.00	 0.02	94.80	 0.00	 0.00	 0.00	95.66	98.29
 7460	 0.00	 0.00	 0.01	94.85	 0.00	 0.00	 0.00	95.62	98.29
 7465	 0.00	 0.00	 0.01	94.89	 0.00	 0.00	 0.00	95.57	98.29
 7470	 0.00	 0.00	 0.01	94.91	 0.00	 0.00	 0.00	95.52	98.29
 7475	 0.00	 0.00	 0.01	94.94	 0.00	 0.00	 0.00	95.47	98.30
 7480	 0.00	 0.00	 0.01	94.98	 0.00	 0.00	 0.00	95.42	98.30
 7485	 0.00	 0.00	 0.01	95.01	 0.00	 0.00	 0.00	95.38	98.31
 7490	 0.00	 0.00	 0.01	95.05	 0.00	 0.00	 0.00	95.33	98.31
 7495	 0.00	 0.00	 0.01	95.08	 0.00	 0.00	 0.00	95.28	98.32
 7500	 0.00	 0.00	 0.01	95.10	 0.00	 0.00	 0.00	95.23	98.32
 7504	 0.00	 0.00	 0.01	95.13	 0.00	 0.00	 0.00	95.18	98.31
 7510	 0.00	 0.00	 0.01	95.15	 0.00	 0.00	 0.00	95.13	98.31
 7514	 0.00	 0.00	 0.01	95.18	 0.00	 0.00	 0.00	95.08	98.30
 7520	 0.00	 0.00	 0.01	95.20	 0.00	 0.00	 0.00	95.03	98.29
 7524	 0.00	 0.00	 0.01	95.22	 0.00	 0.00	 0.00	94.98	98.28
 7530	 0.00	 0.00	 0.01	95.23	 0.00	 0.00	 0.00	94.93	98.28
 7534	 0.00	 0.00	 0.01	95.25	 0.00	 0.00	 0.00	94.88	98.29
 7540	 0.00	 0.00	 0.01	95.26	 0.00	 0.00	 0.00	94.83	98.30
 7544	 0.00	 0.00	 0.01	95.28	 0.00	 0.00	 0.00	94.78	98.30
 7550	 0.00	 0.00	 0.01	95.30	 0.00	 0.00	 0.00	94.73	98.29
 7554	 0.00	 0.00	 0.01	95.32	 0.00	 0.00	 0.00	94.68	98.28
 7560	 0.00	 0.00	 0.01	95.33	 0.00	 0.00	 0.00	94.63	98.27
 7564	 0.00	 0.00	 0.01	95.34	 0.00	 0.00	 0.00	94.58	98.27
 7570	 0.00	 0.00	 0.01	95.33	 0.00	 0.00	 0.00	94.53	98.26
 7574	 0.00	 0.00	 0.01	95.32	 0.00	 0.00	 0.00	94.48	98.27
 7580	 0.00	 0.00	 0.01	95.32	 0.00	 0.00	 0.00	94.43	98.28
 7584	 0.00	 0.00	 0.01	95.33	 0.00	 0.00	 0.00	94.38	98.29
 7590	 0.00	 0.00	 0.01	95.33	 0.00	 0.00	 0.00	94.32	98.31
 7594	 0.00	 0.00	 0.01	95.33	 0.00	 0.00	 0.00	94.27	98.30
 7600	 0.00	 0.00	 0.01	95.33	 0.00	 0.00	 0.00	94.22	98.30
 7604	 0.00	 0.00	 0.01	95.32	 0.00	 0.00	 0.00	94.17	98.30
 7610	 0.00	 0.00	 0.01	95.30	 0.00	 0.00	 0.00	94.11	98.30
 7615	 0.00	 0.00	 0.01	95.28	 0.00	 0.00	 0.00	94.06	98.29
 7620	 0.00	 0.00	 0.01	95.28	 0.00	 0.00	 0.00	94.01	98.29
 7625	 0.00	 0.00	 0.01	95.28	 0.00	 0.00	 0.00	93.96	98.28
 7630	 0.00	 0.00	 0.01	95.26	 0.00	 0.00	 0.00	93.90	98.28
 7635	 0.00	 0.00	 0.01	95.25	 0.00	 0.00	 0.00	93.85	98.28
 7640	 0.00	 0.00	 0.01	95.24	 0.00	 0.00	 0.00	93.79	98.28
 7645	 0.00	 0.00	 0.01	95.21	 0.00	 0.00	 0.00	93.74	98.29
 7650	 0.00	 0.00	 0.01	95.20	 0.00	 0.00	 0.00	93.69	98.31
 7655	 0.00	 0.00	 0.01	95.20	 0.00	 0.00	 0.00	93.63	98.31
 7660	 0.00	 0.00	 0.01	95.19	 0.00	 0.00	 0.00	93.58	98.32
 7665	 0.00	 0.00	 0.01	95.18	 0.00	 0.00	 0.00	93.52	98.31
 7670	 0.00	 0.00	 0.01	95.17	 0.00	 0.00	 0.00	93.46	98.32
 7675	 0.00	 0.00	 0.01	95.15	 0.00	 0.00	 0.00	93.41	98.32
 7680	 0.00	 0.00	 0.01	95.14	 0.00	 0.00	 0.00	93.35	98.33
 7685	 0.00	 0.00	 0.01	95.13	 0.00	 0.00	 0.00	93.30	98.33
 7690	 0.00	 0.00	 0.01	95.12	 0.00	 0.00	 0.00	93.24	98.32
 7695	 0.00	 0.00	 0.01	95.12	 0.00	 0.00	 0.00	93.18	98.30
 7700	 0.00	 0.00	 0.01	95.11	 0.00	 0.00	 0.00	93.12	98.28
 7705	 0.00	 0.00	 0.01	95.11	 0.00	 0.00	 0.00	93.07	98.28
 7710	 0.00	 0.00	 0.00	95.10	 0.00	 0.00	 0.00	93.01	98.30
 7715	 0.00	 0.00	 0.00	95.10	 0.00	 0.00	 0.00	92.95	98.32
 7720	 0.00	 0.00	 0.00	95.09	 0.00	 0.00	 0.00	92.89	98.34
 7725	 0.00	 0.00	 0.00	95.10	 0.00	 0.00	 0.00	92.83	98.34
 7730	 0.00	 0.00	 0.00	95.12	 0.00	 0.00	 0.00	92.77	98.34
 7735	 0.00	 0.00	 0.00	95.13	 0.00	 0.00	 0.00	92.71	98.34
 7740	 0.00	 0.00	 0.00	95.13	 0.00	 0.00	 0.00	92.65	98.33
 7745	 0.00	 0.00	 0.00	95.14	 0.00	 0.00	 0.00	92.59	98.33
 7750	 0.00	 0.00	 0.00	95.15	 0.00	 0.00	 0.00	92.53	98.32
 7755	 0.00	 0.00	 0.00	95.16	 0.00	 0.00	 0.00	92.47	98.32
 7760	 0.00	 0.00	 0.00	95.18	 0.00	 0.00	 0.00	92.41	98.33
 7765	 0.00	 0.00	 0.00	95.20	 0.00	 0.00	 0.00	92.35	98.34
 7770	 0.00	 0.00	 0.00	95.22	 0.00	 0.00	 0.00	92.28	98.35
 7775	 0.00	 0.00	 0.00	95.25	 0.00	 0.00	 0.00	92.22	98.35
 7780	 0.00	 0.00	 0.00	95.28	 0.00	 0.00	 0.00	92.16	98.36
 7785	 0.00	 0.00	 0.00	95.30	 0.00	 0.00	 0.00	92.09	98.36
 7790	 0.00	 0.00	 0.00	95.33	 0.00	 0.00	 0.00	92.03	98.37
 7795	 0.00	 0.00	 0.00	95.36	 0.00	 0.00	 0.00	91.97	98.37
 7800	 0.00	 0.00	 0.00	95.38	 0.00	 0.00	 0.00	91.90	98.36
 7805	 0.00	 0.00	 0.00	95.41	 0.00	 0.00	 0.00	91.84	98.37
 7810	 0.00	 0.00	 0.00	95.45	 0.00	 0.00	 0.00	91.77	98.38
 7815	 0.00	 0.00	 0.00	95.47	 0.00	 0.00	 0.00	91.70	98.38
 7820	 0.00	 0.00	 0.00	95.51	 0.00	 0.00	 0.00	91.64	98.38
 7825	 0.00	 0.00	 0.00	95.55	 0.00	 0.00	 0.00	91.57	98.39
 7830	 0.00	 0.00	 0.00	95.57	 0.00	 0.00	 0.00	91.50	98.41
 7835	 0.00	 0.00	 0.00	95.60	 0.00	 0.00	 0.00	91.44	98.42
 7840	 0.00	 0.00	 0.00	95.63	 0.00	 0.00	 0.00	91.37	98.43
 7845	 0.00	 0.00	 0.00	95.66	 0.00	 0.00	 0.00	91.30	98.43
 7850	 0.00	 0.00	 0.00	95.69	 0.00	 0.00	 0.00	91.23	98.42
 7855	 0.00	 0.00	 0.00	95.71	 0.00	 0.00	 0.00	91.16	98.41
 7860	 0.00	 0.00	 0.00	95.74	 0.00	 0.00	 0.00	91.09	98.40
 7865	 0.00	 0.00	 0.00	95.76	 0.00	 0.00	 0.00	91.02	98.41
 7870	 0.00	 0.00	 0.00	95.79	 0.00	 0.00	 0.00	90.95	98.42
 7875	 0.00	 0.00	 0.00	95.80	 0.00	 0.00	 0.00	90.88	98.43
 7880	 0.00	 0.00	 0.00	95.82	 0.00	 0.00	 0.00	90.80	98.44
 7885	 0.00	 0.00	 0.00	95.83	 0.01	 0.00	 0.00	90.73	98.44
 7890	 0.00	 0.00	 0.00	95.85	 0.01	 0.00	 0.00	90.66	98.44
 7895	 0.00	 0.00	 0.00	95.86	 0.01	 0.00	 0.00	90.58	98.44
 7900	 0.00	 0.00	 0.00	95.86	 0.01	 0.00	 0.00	90.51	98.45
 7905	 0.00	 0.00	 0.00	95.87	 0.01	 0.00	 0.00	90.44	98.45
 7910	 0.00	 0.00	 0.00	95.88	 0.01	 0.00	 0.00	90.36	98.46
 7915	 0.00	 0.00	 0.00	95.88	 0.01	 0.00	 0.00	90.28	98.46
 7920	 0.00	 0.00	 0.00	95.88	 0.01	 0.00	 0.00	90.21	98.46
 7925	 0.00	 0.00	 0.00	95.87	 0.01	 0.00	 0.00	90.13	98.45
 7930	 0.00	 0.00	 0.00	95.86	 0.01	 0.00	 0.00	90.05	98.45
 7935	 0.00	 0.00	 0.00	95.87	 0.01	 0.00	 0.00	89.98	98.45
 7940	 0.00	 0.00	 0.00	95.86	 0.01	 0.00	 0.00	89.90	98.46
 7945	 0.00	 0.00	 0.00	95.85	 0.01	 0.00	 0.00	89.82	98.47
 7950	 0.00	 0.00	 0.00	95.85	 0.01	 0.00	 0.00	89.74	98.47
 7955	 0.00	 0.00	 0.00	95.85	 0.01	 0.00	 0.00	89.66	98.46
 7960	 0.00	 0.00	 0.00	95.84	 0.02	 0.00	 0.00	89.58	98.46
 7965	 0.00	 0.00	 0.00	95.84	 0.02	 0.00	 0.00	89.50	98.47
 7970	 0.00	 0.00	 0.00	95.83	 0.02	 0.00	 0.00	89.41	98.49
 7975	 0.00	 0.00	 0.00	95.82	 0.02	 0.00	 0.00	89.33	98.50
 7980	 0.00	 0.00	 0.00	95.81	 0.02	 0.00	 0.00	89.25	98.51
 7985	 0.00	 0.00	 0.00	95.81	 0.02	 0.00	 0.00	89.16	98.51
 7990	 0.00	 0.00	 0.00	95.80	 0.03	 0.00	 0.00	89.08	98.50
 7995	 0.00	 0.00	 0.00	95.80	 0.03	 0.00	 0.00	89.00	98.49
 8000	 0.00	 0.00	 0.00	95.80	 0.03	 0.00	 0.00	88.91	98.49
 8005	 0.00	 0.00	 0.00	95.79	 0.03	 0.00	 0.00	88.82	98.49
 8010	 0.00	 0.00	 0.00	95.80	 0.04	 0.00	 0.00	88.74	98.50
 8015	 0.00	 0.00	 0.00	95.81	 0.04	 0.00	 0.00	88.65	98.51
 8020	 0.00	 0.00	 0.00	95.80	 0.04	 0.00	 0.00	88.56	98.51
 8025	 0.00	 0.00	 0.00	95.80	 0.05	 0.00	 0.00	88.47	98.52
 8030	 0.00	 0.00	 0.00	95.79	 0.05	 0.00	 0.00	88.38	98.53
 8035	 0.00	 0.00	 0.00	95.81	 0.06	 0.00	 0.00	88.29	98.55
 8040	 0.00	 0.00	 0.00	95.82	 0.06	 0.00	 0.00	88.20	98.55
 8045	 0.00	 0.00	 0.00	95.82	 0.07	 0.00	 0.00	88.11	98.56
 8050	 0.00	 0.00	 0.00	95.82	 0.07	 0.00	 0.00	88.02	98.56
 8055	 0.00	 0.00	 0.00	95.81	 0.08	 0.00	 0.00	87.93	98.55
 8060	 0.00	 0.00	 0.00	95.80	 0.09	 0.00	 0.00	87.83	98.56
 8065	 0.00	 0.00	 0.00	95.78	 0.09	 0.00	 0.00	87.74	98.56
 8070	 0.00	 0.00	 0.00	95.75	 0.10	 0.00	 0.00	87.64	98.56
 8075	 0.00	 0.00	 0.00	95.72	 0.11	 0.00	 0.00	87.55	98.56
 8080	 0.00	 0.00	 0.00	95.69	 0.12	 0.00	 0.00	87.45	98.55
 8085	 0.00	 0.00	 0.00	95.65	 0.14	 0.00	 0.00	87.36	98.55
 8090	 0.00	 0.00	 0.00	95.61	 0.15	 0.00	 0.00	87.26	98.54
 8095	 0.00	 0.00	 0.00	95.57	 0.17	 0.00	 0.00	87.16	98.54
 8100	 0.00	 0.00	 0.00	95.52	 0.18	 0.00	 0.00	87.06	98.54
 8105	 0.00	 0.00	 0.00	95.45	 0.20	 0.00	 0.00	86.96	98.55
 8110	 0.00	 0.00	 0.00	95.36	 0.22	 0.00	 0.00	86.86	98.57
 8115	 0.00	 0.00	 0.00	95.27	 0.24	 0.00	 0.00	86.76	98.58
 8120	 0.00	 0.00	 0.00	95.17	 0.27	 0.00	 0.00	86.66	98.58
 8125	 0.00	 0.00	 0.00	95.06	 0.30	 0.00	 0.00	86.56	98.57
 8129	 0.00	 0.00	 0.00	94.94	 0.33	 0.00	 0.00	86.46	98.57
 8135	 0.00	 0.00	 0.00	94.81	 0.36	 0.00	 0.00	86.36	98.57
 8139	 0.00	 0.00	 0.00	94.67	 0.40	 0.00	 0.00	86.25	98.59
 8145	 0.00	 0.00	 0.00	94.52	 0.45	 0.00	 0.00	86.15	98.60
 8149	 0.00	 0.00	 0.00	94.36	 0.50	 0.00	 0.00	86.04	98.60
 8155	 0.00	 0.00	 0.00	94.20	 0.55	 0.00	 0.00	85.94	98.61
 8159	 0.00	 0.00	 0.00	94.04	 0.61	 0.00	 0.00	85.83	98.61
 8165	 0.00	 0.00	 0.00	93.88	 0.68	 0.00	 0.00	85.72	98.62
 8169	 0.00	 0.00	 0.00	93.70	 0.76	 0.00	 0.00	85.62	98.63
 8175	 0.00	 0.00	 0.00	93.53	 0.85	 0.00	 0.00	85.51	98.62
 8179	 0.00	 0.00	 0.00	93.37	 0.95	 0.00	 0.00	85.40	98.62
 8185	 0.00	 0.00	 0.00	93.21	 1.06	 0.00	 0.00	85.29	98.62
 8189	 0.00	 0.00	 0.00	93.04	 1.18	 0.00	 0.00	85.18	98.63
 8195	 0.00	 0.00	 0.00	92.88	 1.33	 0.00	 0.00	85.07	98.64
 8200	 0.00	 0.00	 0.00	92.74	 1.49	 0.00	 0.00	84.96	98.65
 8205	 0.00	 0.00	 0.00	92.61	 1.67	 0.00	 0.00	84.84	98.65
 8210	 0.00	 0.00	 0.00	92.48	 1.88	 0.00	 0.00	84.73	98.66
 8215	 0.00	 0.00	 0.00	92.37	 2.11	 0.00	 0.00	84.62	98.67
 8220	 0.00	 0.00	 0.00	92.26	 2.38	 0.00	 0.00	84.50	98.67
 8225	 0.00	 0.00	 0.00	92.16	 2.68	 0.00	 0.00	84.39	98.66
 8230	 0.00	 0.00	 0.00	92.06	 3.02	 0.00	 0.00	84.27	98.65
 8235	 0.00	 0.00	 0.00	91.94	 3.40	 0.00	 0.00	84.15	98.65
 8240	 0.00	 0.00	 0.00	91.80	 3.85	 0.00	 0.00	84.04	98.66
 8245	 0.00	 0.00	 0.00	91.65	 4.35	 0.00	 0.00	83.92	98.65
 8250	 0.00	 0.00	 0.00	91.46	 4.91	 0.00	 0.00	83.80	98.65
 8255	 0.00	 0.00	 0.00	91.19	 5.56	 0.00	 0.00	83.68	98.65
 8260	 0.00	 0.00	 0.00	90.85	 6.29	 0.00	 0.00	83.56	98.65
 8265	 0.00	 0.00	 0.00	90.42	 7.12	 0.00	 0.00	83.44	98.65
 8270	 0.00	 0.00	 0.00	89.87	 8.06	 0.00	 0.00	83.32	98.65
 8275	 0.00	 0.00	 0.00	89.13	 9.14	 0.00	 0.00	83.20	98.65
 8280	 0.00	 0.00	 0.00	88.18	10.35	 0.00	 0.00	83.07	98.65
 8285	 0.00	 0.00	 0.00	87.04	11.70	 0.00	 0.00	82.95	98.64
 8290	 0.00	 0.00	 0.00	85.63	13.23	 0.00	 0.00	82.83	98.64
 8295	 0.00	 0.00	 0.00	83.93	14.94	 0.00	 0.00	82.70	98.65
 8300	 0.00	 0.00	 0.00	81.92	16.84	 0.00	 0.00	82.58	98.65
 8305	 0.00	 0.00	 0.00	79.55	18.99	 0.00	 0.00	82.45	98.66
 8310	 0.00	 0.00	 0.00	76.86	21.35	 0.00	 0.00	82.32	98.67
 8315	 0.00	 0.00	 0.00	73.87	23.92	 0.00	 0.00	82.20	98.68
 8320	 0.00	 0.00	 0.00	70.54	26.73	 0.00	 0.00	82.07	98.69
 8325	 0.00	 0.00	 0.00	66.91	29.79	 0.00	 0.00	81.94	98.70
 8330	 0.00	 0.00	 0.00	63.08	33.06	 0.00	 0.00	81.81	98.72
 8335	 0.00	 0.00	 0.00	59.10	36.52	 0.00	 0.00	81.68	98.73
 8340	 0.00	 0.00	 0.00	54.96	40.19	 0.00	 0.00	81.55	98.73
 8345	 0.00	 0.00	 0.00	50.79	44.00	 0.00	 0.00	81.42	98.71
 8350	 0.00	 0.00	 0.00	46.68	47.90	 0.00	 0.00	81.28	98.69
 8355	 0.00	 0.00	 0.00	42.66	51.84	 0.00	 0.00	81.15	98.66
 8360	 0.01	 0.00	 0.00	38.78	55.79	 0.00	 0.00	81.02	98.65
 8365	 0.01	 0.00	 0.00	35.09	59.67	 0.00	 0.00	80.88	98.65
 8370	 0.01	 0.00	 0.00	31.60	63.49	 0.00	 0.00	80.74	98.66
 8375	 0.01	 0.00	 0.00	28.34	67.18	 0.00	 0.00	80.61	98.68
 8380	 0.01	 0.00	 0.00	25.37	70.64	 0.00	 0.00	80.47	98.69
 8385	 0.01	 0.00	 0.00	22.66	73.87	 0.00	 0.00	80.33	98.68
 8390	 0.01	 0.00	 0.00	20.16	76.89	 0.00	 0.00	80.20	98.66
 8395	 0.02	 0.00	 0.00	17.93	79.61	 0.00	 0.00	80.06	98.66
 8400	 0.02	 0.00	 0.00	15.93	82.05	 0.00	 0.00	79.92	98.67
 8405	 0.02	 0.00	 0.00	14.14	84.25	 0.00	 0.00	79.78	98.70
 8410	 0.03	 0.00	 0.00	12.54	86.17	 0.00	 0.00	79.63	98.72
 8415	 0.03	 0.00	 0.00	11.13	87.82	 0.00	 0.00	79.49	98.71
 8420	 0.04	 0.00	 0.00	 9.88	89.26	 0.00	 0.00	79.35	98.69
 8425	 0.04	 0.00	 0.00	 8.77	90.48	 0.00	 0.00	79.21	98.68
 8430	 0.04	 0.00	 0.00	 7.80	91.50	 0.00	 0.00	79.06	98.68
 8435	 0.04	 0.00	 0.00	 6.93	92.36	 0.00	 0.00	78.92	98.70
 8440	 0.04	 0.00	 0.00	 6.16	93.08	 0.00	 0.00	78.77	98.72
 8445	 0.04	 0.00	 0.00	 5.49	93.69	 0.00	 0.00	78.62	98.73
 8450	 0.04	 0.00	 0.00	 4.90	94.17	 0.00	 0.00	78.48	98.72
 8455	 0.04	 0.00	 0.00	 4.38	94.56	 0.00	 0.00	78.33	98.69
 8460	 0.03	 0.00	 0.00	 3.91	94.88	 0.00	 0.00	78.18	98.66
 8465	 0.03	 0.00	 0.00	 3.50	95.15	 0.00	 0.00	78.03	98.66
 8470	 0.03	 0.00	 0.00	 3.14	95.35	 0.00	 0.00	77.88	98.66
 8475	 0.02	 0.00	 0.00	 2.81	95.50	 0.00	 0.00	77.73	98.67
 8480	 0.02	 0.00	 0.00	 2.53	95.64	 0.00	 0.00	77.58	98.67
 8485	 0.02	 0.00	 0.00	 2.27	95.78	 0.00	 0.00	77.43	98.68
 8490	 0.02	 0.00	 0.00	 2.05	95.86	 0.00	 0.00	77.27	98.70
 8495	 0.02	 0.00	 0.00	 1.85	95.90	 0.00	 0.00	77.12	98.71
 8500	 0.01	 0.00	 0.00	 1.67	95.95	 0.00	 0.00	76.96	98.72
 8505	 0.01	 0.00	 0.00	 1.51	96.01	 0.00	 0.00	76.81	98.73
 8510	 0.01	 0.00	 0.00	 1.37	96.05	 0.00	 0.00	76.65	98.75
 8515	 0.01	 0.00	 0.00	 1.24	96.06	 0.00	 0.00	76.50	98.76
 8520	 0.01	 0.00	 0.00	 1.12	96.07	 0.00	 0.00	76.34	98.76
 8525	 0.01	 0.00	 0.00	 1.02	96.08	 0.00	 0.00	76.18	98.75
 8530	 0.01	 0.00	 0.00	 0.93	96.10	 0.00	 0.00	76.02	98.75
 8535	 0.01	 0.00	 0.00	 0.85	96.11	 0.00	 0.00	75.86	98.74
 8540	 0.01	 0.00	 0.00	 0.77	96.10	 0.00	 0.00	75.70	98.74
 8545	 0.01	 0.00	 0.00	 0.71	96.11	 0.00	 0.00	75.54	98.74
 8550	 0.01	 0.00	 0.00	 0.65	96.11	 0.00	 0.00	75.38	98.73
 8555	 0.01	 0.00	 0.00	 0.59	96.10	 0.00	 0.00	75.21	98.72
 8560	 0.01	 0.00	 0.00	 0.54	96.08	 0.00	 0.00	75.05	98.71
 8565	 0.01	 0.00	 0.00	 0.50	96.06	 0.00	 0.00	74.88	98.70
 8570	 0.01	 0.00	 0.00	 0.46	96.06	 0.00	 0.00	74.72	98.70
 8575	 0.01	 0.00	 0.00	 0.42	96.06	 0.00	 0.00	74.55	98.71
 8580	 0.01	 0.00	 0.00	 0.39	96.06	 0.00	 0.00	74.39	98.71
 8585	 0.01	 0.00	 0.00	 0.36	96.06	 0.00	 0.00	74.22	98.71
 8590	 0.01	 0.00	 0.00	 0.33	96.06	 0.00	 0.00	74.05	98.71
 8595	 0.01	 0.00	 0.00	 0.30	96.06	 0.00	 0.00	73.88	98.70
 8600	 0.01	 0.00	 0.00	 0.28	96.04	 0.00	 0.00	73.71	98.70
 8605	 0.01	 0.00	 0.00	 0.26	96.01	 0.00	 0.00	73.54	98.71
 8610	 0.01	 0.00	 0.00	 0.24	96.05	 0.00	 0.00	73.37	98.71
 8615	 0.01	 0.00	 0.01	 0.22	96.06	 0.00	 0.00	73.20	98.72
 8620	 0.01	 0.00	 0.01	 0.20	96.06	 0.00	 0.00	73.03	98.72
 8625	 0.01	 0.00	 0.01	 0.19	96.04	 0.00	 0.00	72.85	98.72
 8630	 0.01	 0.00	 0.01	 0.18	96.03	 0.00	 0.00	72.68	98.71
 8635	 0.01	 0.00	 0.01	 0.16	96.02	 0.00	 0.00	72.50	98.70
 8640	 0.01	 0.00	 0.01	 0.15	96.02	 0.00	 0.00	72.33	98.70
 8645	 0.01	 0.00	 0.01	 0.14	96.06	 0.00	 0.00	72.15	98.71
 8650	 0.01	 0.00	 0.01	 0.13	96.06	 0.00	 0.00	71.97	98.71
 8655	 0.01	 0.00	 0.01	 0.12	96.01	 0.00	 0.00	71.80	98.72
 8660	 0.01	 0.00	 0.01	 0.11	96.01	 0.00	 0.00	71.62	98.71
 8665	 0.01	 0.00	 0.01	 0.11	95.99	 0.00	 0.00	71.44	98.70
 8670	 0.01	 0.00	 0.01	 0.10	96.00	 0.00	 0.00	71.26	98.69
 8675	 0.01	 0.00	 0.01	 0.09	96.03	 0.00	 0.00	71.08	98.68
 8680	 0.01	 0.00	 0.01	 0.09	96.06	 0.00	 0.00	70.89	98.68
 8685	 0.01	 0.00	 0.01	 0.08	96.07	 0.00	 0.00	70.71	98.67
 8690	 0.01	 0.00	 0.01	 0.08	96.08	 0.00	 0.00	70.53	98.67
 8695	 0.01	 0.00	 0.01	 0.07	96.08	 0.00	 0.00	70.34	98.67
 8700	 0.01	 0.00	 0.01	 0.07	96.07	 0.00	 0.00	70.16	98.66
 8705	 0.01	 0.00	 0.01	 0.06	96.05	 0.00	 0.00	69.97	98.66
 8710	 0.01	 0.00	 0.01	 0.06	96.06	 0.00	 0.00	69.79	98.65
 8715	 0.01	 0.00	 0.01	 0.06	96.07	 0.00	 0.00	69.60	98.65
 8720	 0.01	 0.00	 0.00	 0.05	96.10	 0.00	 0.00	69.41	98.65
 8725	 0.01	 0.00	 0.00	 0.05	96.14	 0.00	 0.00	69.23	98.65
 8730	 0.01	 0.00	 0.00	 0.05	96.16	 0.00	 0.00	69.04	98.65
 8735	 0.01	 0.00	 0.00	 0.04	96.20	 0.00	 0.00	68.85	98.65
 8740	 0.01	 0.00	 0.00	 0.04	96.21	 0.00	 0.00	68.66	98.64
 8745	 0.01	 0.00	 0.00	 0.04	96.18	 0.00	 0.00	68.46	98.64
 8750	 0.01	 0.00	 0.00	 0.04	96.16	 0.00	 0.00	68.27	98.64
 8755	 0.01	 0.00	 0.00	 0.04	96.17	 0.00	 0.00	68.08	98.65
 8760	 0.01	 0.00	 0.00	 0.03	96.18	 0.00	 0.00	67.89	98.65
 8765	 0.01	 0.00	 0.00	 0.03	96.20	 0.00	 0.00	67.69	98.66
 8770	 0.01	 0.00	 0.00	 0.03	96.22	 0.00	 0.00	67.50	98.65
 8775	 0.01	 0.00	 0.00	 0.03	96.20	 0.00	 0.00	67.30	98.64
 8780	 0.01	 0.00	 0.00	 0.03	96.22	 0.00	 0.00	67.10	98.63
 8785	 0.01	 0.00	 0.00	 0.02	96.22	 0.00	 0.00	66.91	98.61
 8790	 0.01	 0.00	 0.00	 0.02	96.22	 0.00	 0.00	66.71	98.61
 8795	 0.01	 0.00	 0.00	 0.02	96.29	 0.00	 0.00	66.51	98.60
 8800	 0.01	 0.00	 0.00	 0.02	96.31	 0.00	 0.00	66.31	98.60
 8805	 0.01	 0.00	 0.00	 0.02	96.25	 0.00	 0.00	66.11	98.60
 8810	 0.01	 0.00	 0.00	 0.02	96.24	 0.00	 0.00	65.91	98.59
 8815	 0.01	 0.00	 0.00	 0.02	96.25	 0.00	 0.00	65.71	98.59
 8820	 0.01	 0.00	 0.00	 0.02	96.23	 0.00	 0.00	65.50	98.60
 8825	 0.01	 0.00	 0.00	 0.02	96.22	 0.00	 0.00	65.30	98.60
 8830	 0.01	 0.00	 0.00	 0.02	96.24	 0.00	 0.00	65.10	98.60
 8835	 0.01	 0.00	 0.00	 0.01	96.27	 0.00	 0.00	64.89	98.60
 8840	 0.01	 0.00	 0.00	 0.01	96.30	 0.00	 0.00	64.69	98.59
 8845	 0.01	 0.00	 0.00	 0.01	96.24	 0.00	 0.00	64.48	98.59
 8850	 0.01	 0.00	 0.00	 0.01	96.20	 0.00	 0.00	64.27	98.59
 8855	 0.01	 0.00	 0.00	 0.01	96.27	 0.00	 0.00	64.06	98.58
 8860	 0.01	 0.00	 0.00	 0.01	96.34	 0.00	 0.00	63.86	98.58
 8865	 0.01	 0.00	 0.00	 0.01	96.31	 0.00	 0.00	63.65	98.56
 8870	 0.01	 0.00	 0.00	 0.01	96.28	 0.00	 0.00	63.44	98.56
 8875	 0.01	 0.00	 0.00	 0.01	96.26	 0.00	 0.00	63.23	98.55
 8880	 0.01	 0.00	 0.00	 0.01	96.28	 0.00	 0.00	63.02	98.56
 8885	 0.01	 0.00	 0.00	 0.01	96.27	 0.00	 0.00	62.80	98.56
 8890	 0.01	 0.00	 0.00	 0.01	96.24	 0.00	 0.00	62.59	98.56
 8895	 0.01	 0.00	 0.00	 0.01	96.21	 0.00	 0.00	62.38	98.56
 8900	 0.01	 0.00	 0.00	 0.01	96.28	 0.00	 0.00	62.16	98.56
 8905	 0.01	 0.00	 0.00	 0.01	96.33	 0.00	 0.00	61.95	98.55
 8910	 0.01	 0.00	 0.00	 0.01	96.31	 0.00	 0.00	61.73	98.55
 8915	 0.01	 0.00	 0.00	 0.01	96.32	 0.00	 0.00	61.51	98.53
 8920	 0.01	 0.00	 0.00	 0.01	96.35	 0.00	 0.00	61.30	98.53
 8925	 0.01	 0.00	 0.00	 0.01	96.32	 0.00	 0.00	61.08	98.52
 8930	 0.01	 0.00	 0.00	 0.01	96.28	 0.00	 0.00	60.86	98.51
 8935	 0.01	 0.00	 0.00	 0.01	96.28	 0.00	 0.00	60.64	98.51
 8940	 0.01	 0.00	 0.00	 0.01	96.30	 0.00	 0.00	60.42	98.50
 8945	 0.01	 0.00	 0.00	 0.01	96.26	 0.00	 0.00	60.20	98.50
 8950	 0.01	 0.00	 0.00	 0.01	96.22	 0.00	 0.00	59.98	98.51
 8955	 0.00	 0.00	 0.00	 0.01	96.22	 0.00	 0.00	59.76	98.51
 8960	 0.00	 0.00	 0.00	 0.01	96.26	 0.00	 0.00	59.53	98.50
 8965	 0.00	 0.00	 0.00	 0.01	96.27	 0.00	 0.00	59.31	98.50
 8970	 0.00	 0.00	 0.00	 0.01	96.32	 0.00	 0.00	59.08	98.50
 8975	 0.01	 0.00	 0.00	 0.01	96.29	 0.00	 0.00	58.86	98.49
 8980	 0.00	 0.00	 0.00	 0.00	96.25	 0.00	 0.00	58.63	98.48
 8985	 0.00	 0.00	 0.00	 0.00	96.29	 0.00	 0.00	58.40	98.48
 8990	 0.00	 0.00	 0.00	 0.00	96.30	 0.00	 0.00	58.18	98.48
 8995	 0.00	 0.00	 0.00	 0.00	96.35	 0.00	 0.00	57.95	98.47
 9000	 0.00	 0.00	 0.00	 0.00	96.43	 0.00	 0.00	57.72	98.47
 9005	 0.00	 0.00	 0.00	 0.00	96.45	 0.00	 0.00	57.49	98.47
 9010	 0.00	 0.00	 0.00	 0.00	96.44	 0.00	 0.00	57.26	98.47
 9015	 0.00	 0.00	 0.00	 0.00	96.43	 0.00	 0.00	57.03	98.47
 9020	 0.00	 0.00	 0.00	 0.00	96.42	 0.00	 0.00	56.80	98.47
 9025	 0.00	 0.00	 0.00	 0.00	96.41	 0.00	 0.00	56.56	98.46
 9030	 0.00	 0.00	 0.00	 0.00	96.41	 0.00	 0.00	56.33	98.45
 9035	 0.00	 0.00	 0.00	 0.00	96.40	 0.00	 0.00	56.10	98.45
 9040	 0.00	 0.00	 0.00	 0.00	96.39	 0.00	 0.00	55.86	98.44
 9045	 0.00	 0.00	 0.00	 0.00	96.37	 0.00	 0.00	55.63	98.45
 9050	 0.00	 0.00	 0.00	 0.00	96.36	 0.00	 0.00	55.39	98.45
 9055	 0.00	 0.00	 0.00	 0.00	96.34	 0.00	 0.00	55.15	98.44
 9060	 0.00	 0.00	 0.00	 0.00	96.33	 0.00	 0.00	54.92	98.43
 9065	 0.00	 0.00	 0.00	 0.00	96.31	 0.00	 0.00	54.68	98.42
 9070	 0.00	 0.00	 0.00	 0.00	96.29	 0.00	 0.00	54.44	98.42
 9075	 0.00	 0.00	 0.00	 0.00	96.28	 0.00	 0.00	54.20	98.42
 9080	 0.00	 0.00	 0.00	 0.00	96.26	 0.00	 0.00	53.96	98.41
 9085	 0.00	 0.00	 0.00	 0.00	96.24	 0.00	 0.00	53.72	98.41
 9090	 0.00	 0.00	 0.00	 0.00	96.22	 0.00	 0.00	53.48	98.41
 9095	 0.00	 0.00	 0.00	 0.00	96.21	 0.00	 0.00	53.24	98.42
 9100	 0.00	 0.00	 0.00	 0.00	96.19	 0.00	 0.00	53.00	98.42
 9105	 0.00	 0.00	 0.00	 0.00	96.17	 0.00	 0.00	52.76	98.43
 9110	 0.00	 0.00	 0.00	 0.00	96.15	 0.00	 0.00	52.52	98.42
 9115	 0.00	 0.00	 0.00	 0.00	96.13	 0.00	 0.00	52.27	98.42
 9120	 0.00	 0.00	 0.00	 0.00	96.11	 0.00	 0.00	52.03	98.41
 9125	 0.00	 0.00	 0.00	 0.00	96.08	 0.00	 0.00	51.79	98.40
 9130	 0.00	 0.00	 0.00	 0.00	96.06	 0.00	 0.00	51.54	98.39
 9135	 0.00	 0.00	 0.00	 0.00	96.04	 0.00	 0.00	51.30	98.38
 9140	 0.00	 0.00	 0.00	 0.00	96.02	 0.00	 0.00	51.05	98.37
 9145	 0.00	 0.00	 0.00	 0.00	96.00	 0.00	 0.00	50.81	98.38
 9150	 0.00	 0.00	 0.00	 0.00	95.99	 0.00	 0.00	50.56	98.38
 9155	 0.00	 0.00	 0.00	 0.00	95.97	 0.00	 0.00	50.32	98.37
 9160	 0.00	 0.00	 0.00	 0.00	95.95	 0.00	 0.00	50.07	98.37
 9165	 0.00	 0.00	 0.00	 0.00	95.94	 0.00	 0.00	49.82	98.37
 9170	 0.00	 0.00	 0.00	 0.00	95.92	 0.00	 0.00	49.58	98.36
 9175	 0.00	 0.00	 0.00	 0.00	95.90	 0.00	 0.00	49.33	98.37
 9180	 0.00	 0.00	 0.00	 0.00	95.88	 0.00	 0.00	49.08	98.37
 9185	 0.00	 0.00	 0.00	 0.00	95.86	 0.00	 0.00	48.83	98.36
 9190	 0.00	 0.00	 0.00	 0.00	95.84	 0.00	 0.00	48.58	98.36
 9195	 0.00	 0.00	 0.00	 0.00	95.83	 0.00	 0.00	48.34	98.36
 9200	 0.00	 0.00	 0.00	 0.00	95.82	 0.00	 0.00	48.09	98.36
 9205	 0.00	 0.00	 0.00	 0.00	95.81	 0.00	 0.00	47.84	98.35
 9210	 0.00	 0.00	 0.00	 0.00	95.80	 0.00	 0.00	47.59	98.34
 9215	 0.00	 0.00	 0.00	 0.00	95.80	 0.00	 0.00	47.34	98.34
 9220	 0.00	 0.00	 0.00	 0.00	95.79	 0.00	 0.00	47.09	98.33
 9225	 0.00	 0.00	 0.00	 0.00	95.78	 0.00	 0.00	46.84	98.33
 9230	 0.00	 0.00	 0.00	 0.00	95.78	 0.00	 0.00	46.59	98.34
 9235	 0.00	 0.00	 0.00	 0.00	95.76	 0.00	 0.00	46.34	98.34
 9240	 0.00	 0.00	 0.00	 0.00	95.76	 0.00	 0.00	46.09	98.35
 9245	 0.00	 0.00	 0.00	 0.00	95.75	 0.00	 0.00	45.84	98.35
 9250	 0.00	 0.00	 0.00	 0.00	95.76	 0.00	 0.00	45.59	98.33
 9255	 0.00	 0.00	 0.00	 0.00	95.76	 0.00	 0.00	45.34	98.31
 9260	 0.00	 0.00	 0.00	 0.00	95.76	 0.00	 0.00	45.08	98.29
 9265	 0.00	 0.00	 0.00	 0.00	95.76	 0.00	 0.00	44.83	98.29
 9270	 0.00	 0.00	 0.00	 0.00	95.78	 0.00	 0.00	44.58	98.29
 9275	 0.00	 0.00	 0.00	 0.00	95.78	 0.00	 0.00	44.33	98.31
 9280	 0.00	 0.00	 0.00	 0.00	95.78	 0.00	 0.00	44.08	98.32
 9285	 0.00	 0.00	 0.00	 0.00	95.79	 0.00	 0.00	43.83	98.32
 9290	 0.00	 0.00	 0.00	 0.00	95.80	 0.00	 0.00	43.58	98.31
 9295	 0.00	 0.00	 0.00	 0.00	95.81	 0.00	 0.00	43.32	98.30
 9300	 0.00	 0.00	 0.00	 0.00	95.82	 0.00	 0.00	43.07	98.29
 9305	 0.00	 0.00	 0.00	 0.00	95.83	 0.00	 0.00	42.82	98.28
 9310	 0.00	 0.00	 0.00	 0.00	95.86	 0.00	 0.00	42.57	98.27
 9315	 0.00	 0.00	 0.00	 0.00	95.87	 0.00	 0.00	42.32	98.26
 9320	 0.00	 0.00	 0.00	 0.00	95.89	 0.00	 0.00	42.07	98.25
 9325	 0.00	 0.00	 0.00	 0.00	95.90	 0.00	 0.00	41.82	98.26
 9330	 0.00	 0.00	 0.00	 0.00	95.92	 0.00	 0.00	41.57	98.26
 9335	 0.00	 0.00	 0.00	 0.00	95.93	 0.00	 0.00	41.31	98.26
 9340	 0.00	 0.00	 0.00	 0.00	95.94	 0.00	 0.00	41.06	98.25
 9345	 0.00	 0.00	 0.00	 0.00	95.97	 0.00	 0.00	40.81	98.24
 9350	 0.00	 0.00	 0.00	 0.00	96.00	 0.00	 0.00	40.56	98.22
 9355	 0.00	 0.00	 0.00	 0.00	96.02	 0.00	 0.00	40.31	98.21
 9360	 0.00	 0.00	 0.00	 0.00	96.05	 0.00	 0.00	40.06	98.21
 9365	 0.00	 0.00	 0.00	 0.00	96.08	 0.00	 0.00	39.81	98.20
 9370	 0.00	 0.00	 0.00	 0.00	96.10	 0.00	 0.00	39.56	98.19
 9375	 0.00	 0.00	 0.00	 0.00	96.12	 0.00	 0.00	39.31	98.17
 9380	 0.00	 0.00	 0.00	 0.00	96.13	 0.00	 0.00	39.06	98.14
 9385	 0.00	 0.00	 0.00	 0.00	96.13	 0.00	 0.00	38.81	98.12
 9390	 0.00	 0.00	 0.00	 0.00	96.14	 0.00	 0.00	38.56	98.11
 9395	 0.00	 0.00	 0.00	 0.00	96.16	 0.00	 0.00	38.31	98.10
 9400	 0.00	 0.00	 0.00	 0.00	96.19	 0.00	 0.00	38.06	98.09
 9405	 0.00	 0.00	 0.00	 0.00	96.21	 0.00	 0.00	37.81	98.08
 9410	 0.00	 0.00	 0.00	 0.00	96.24	 0.00	 0.00	37.56	98.07
 9415	 0.00	 0.00	 0.00	 0.00	96.25	 0.00	 0.00	37.31	98.07
 9420	 0.00	 0.00	 0.00	 0.00	96.25	 0.00	 0.00	37.07	98.06
 9425	 0.00	 0.00	 0.00	 0.00	96.25	 0.00	 0.00	36.82	98.06
 9430	 0.00	 0.00	 0.00	 0.00	96.26	 0.00	 0.00	36.57	98.07
 9435	 0.00	 0.00	 0.00	 0.00	96.29	 0.00	 0.00	36.32	98.07
 9440	 0.00	 0.00	 0.00	 0.00	96.30	 0.00	 0.00	36.08	98.07
 9445	 0.00	 0.00	 0.00	 0.00	96.30	 0.00	 0.00	35.83	98.08
 9450	 0.00	 0.00	 0.00	 0.00	96.31	 0.00	 0.00	35.58	98.08
 9455	 0.00	 0.00	 0.00	 0.00	96.31	 0.00	 0.00	35.34	98.09
 9460	 0.00	 0.00	 0.00	 0.00	96.30	 0.00	 0.00	35.09	98.08
 9465	 0.00	 0.00	 0.00	 0.00	96.30	 0.00	 0.00	34.85	98.08
 9470	 0.00	 0.00	 0.00	 0.00	96.30	 0.00	 0.00	34.60	98.07
 9475	 0.00	 0.00	 0.00	 0.00	96.30	 0.00	 0.00	34.36	98.08
 9480	 0.00	 0.00	 0.00	 0.00	96.30	 0.00	 0.00	34.11	98.10
 9485	 0.00	 0.00	 0.00	 0.00	96.29	 0.00	 0.00	33.87	98.11
 9490	 0.00	 0.00	 0.00	 0.00	96.27	 0.00	 0.00	33.63	98.12
 9495	 0.00	 0.00	 0.00	 0.00	96.26	 0.00	 0.00	33.39	98.13
 9500	 0.00	 0.00	 0.00	 0.00	96.23	 0.00	 0.00	33.14	98.14
 9505	 0.00	 0.00	 0.00	 0.00	96.22	 0.00	 0.00	32.90	98.15
 9510	 0.00	 0.00	 0.00	 0.00	96.21	 0.00	 0.00	32.66	98.16
 9515	 0.00	 0.00	 0.00	 0.00	96.20	 0.00	 0.00	32.42	98.16
 9520	 0.00	 0.00	 0.00	 0.00	96.17	 0.00	 0.00	32.18	98.16
 9525	 0.00	 0.00	 0.00	 0.00	96.13	 0.00	 0.00	31.94	98.17
 9530	 0.00	 0.00	 0.00	 0.00	96.10	 0.00	 0.00	31.70	98.18
 9535	 0.00	 0.00	 0.00	 0.00	96.08	 0.00	 0.00	31.46	98.19
 9540	 0.00	 0.00	 0.00	 0.00	96.07	 0.00	 0.00	31.22	98.20
 9545	 0.00	 0.00	 0.00	 0.00	96.04	 0.00	 0.00	30.99	98.21
 9550	 0.00	 0.00	 0.00	 0.00	96.00	 0.00	 0.00	30.75	98.21
 9555	 0.00	 0.00	 0.00	 0.00	95.95	 0.00	 0.00	30.51	98.22
 9560	 0.00	 0.00	 0.00	 0.00	95.90	 0.00	 0.00	30.28	98.22
 9565	 0.00	 0.00	 0.00	 0.00	95.86	 0.00	 0.00	30.04	98.22
 9570	 0.00	 0.00	 0.00	 0.00	95.82	 0.00	 0.00	29.81	98.22
 9575	 0.00	 0.00	 0.00	 0.00	95.79	 0.00	 0.00	29.57	98.22
 9580	 0.00	 0.00	 0.00	 0.00	95.74	 0.00	 0.00	29.34	98.22
 9585	 0.00	 0.00	 0.00	 0.00	95.69	 0.00	 0.00	29.11	98.22
 9590	 0.00	 0.00	 0.00	 0.00	95.63	 0.00	 0.00	28.87	98.23
 9595	 0.00	 0.00	 0.00	 0.00	95.59	 0.00	 0.00	28.64	98.24
 9600	 0.00	 0.00	 0.00	 0.00	95.55	 0.00	 0.00	28.41	98.26
 9605	 0.00	 0.00	 0.00	 0.00	95.51	 0.00	 0.00	28.18	98.27
 9610	 0.00	 0.00	 0.00	 0.00	95.46	 0.00	 0.00	27.95	98.28
 9615	 0.00	 0.00	 0.00	 0.00	95.40	 0.00	 0.00	27.72	98.28
 9620	 0.00	 0.00	 0.00	 0.00	95.35	 0.00	 0.00	27.49	98.29
 9625	 0.00	 0.00	 0.00	 0.00	95.29	 0.00	 0.00	27.27	98.28
 9630	 0.00	 0.00	 0.00	 0.00	95.25	 0.00	 0.00	27.04	98.28
 9635	 0.00	 0.00	 0.00	 0.00	95.20	 0.00	 0.00	26.81	98.29
 9640	 0.00	 0.00	 0.00	 0.00	95.16	 0.00	 0.00	26.58	98.29
 9645	 0.00	 0.00	 0.00	 0.00	95.09	 0.00	 0.00	26.36	98.30
 9650	 0.00	 0.00	 0.00	 0.00	95.03	 0.00	 0.00	26.13	98.30
 9655	 0.00	 0.00	 0.00	 0.00	94.99	 0.00	 0.00	25.91	98.31
 9660	 0.00	 0.00	 0.00	 0.00	94.95	 0.00	 0.00	25.69	98.31
 9665	 0.00	 0.00	 0.00	 0.00	94.91	 0.00	 0.00	25.46	98.31
 9670	 0.00	 0.00	 0.00	 0.00	94.86	 0.00	 0.00	25.24	98.31
 9675	 0.00	 0.00	 0.00	 0.00	94.80	 0.00	 0.00	25.02	98.30
 9680	 0.00	 0.00	 0.00	 0.00	94.75	 0.00	 0.00	24.80	98.30
 9685	 0.00	 0.00	 0.00	 0.00	94.72	 0.00	 0.00	24.58	98.30
 9690	 0.00	 0.00	 0.00	 0.00	94.68	 0.00	 0.00	24.36	98.30
 9695	 0.00	 0.00	 0.00	 0.00	94.64	 0.00	 0.00	24.14	98.31
 9700	 0.00	 0.00	 0.00	 0.00	94.59	 0.00	 0.00	23.92	98.32
 9705	 0.00	 0.00	 0.00	 0.00	94.54	 0.00	 0.00	23.71	98.33
 9710	 0.00	 0.00	 0.00	 0.00	94.51	 0.00	 0.00	23.49	98.34
 9715	 0.00	 0.00	 0.00	 0.00	94.49	 0.00	 0.00	23.27	98.35
 9720	 0.00	 0.00	 0.00	 0.00	94.46	 0.00	 0.00	23.06	98.36
 9725	 0.00	 0.00	 0.00	 0.00	94.43	 0.00	 0.00	22.84	98.36
 9730	 0.00	 0.00	 0.00	 0.00	94.39	 0.00	 0.00	22.63	98.36
 9735	 0.00	 0.00	 0.00	 0.00	94.37	 0.00	 0.00	22.42	98.36
 9740	 0.00	 0.00	 0.00	 0.00	94.35	 0.00	 0.00	22.21	98.36
 9745	 0.00	 0.00	 0.00	 0.00	94.33	 0.00	 0.00	22.00	98.37
 9750	 0.00	 0.00	 0.00	 0.00	94.31	 0.00	 0.00	21.79	98.38
 9755	 0.00	 0.00	 0.00	 0.00	94.29	 0.00	 0.00	21.58	98.38
 9760	 0.00	 0.00	 0.00	 0.00	94.28	 0.00	 0.00	21.37	98.38
 9765	 0.00	 0.00	 0.00	 0.00	94.26	 0.00	 0.00	21.16	98.38
 9770	 0.00	 0.00	 0.00	 0.00	94.25	 0.00	 0.00	20.95	98.38
 9775	 0.00	 0.00	 0.00	 0.00	94.25	 0.00	 0.00	20.75	98.39
 9780	 0.00	 0.00	 0.00	 0.00	94.25	 0.00	 0.00	20.54	98.40
 9785	 0.00	 0.00	 0.00	 0.00	94.26	 0.00	 0.00	20.33	98.41
 9790	 0.00	 0.00	 0.00	 0.00	94.25	 0.00	 0.00	20.13	98.42
 9795	 0.00	 0.00	 0.00	 0.00	94.25	 0.00	 0.00	19.93	98.42
 9800	 0.00	 0.00	 0.00	 0.00	94.25	 0.00	 0.00	19.73	98.42
 9805	 0.00	 0.00	 0.00	 0.00	94.28	 0.00	 0.00	19.52	98.41
 9810	 0.00	 0.00	 0.00	 0.00	94.30	 0.00	 0.00	19.32	98.41
 9815	 0.00	 0.00	 0.00	 0.00	94.30	 0.00	 0.00	19.12	98.42
 9820	 0.00	 0.00	 0.00	 0.00	94.31	 0.00	 0.00	18.93	98.43
 9825	 0.00	 0.00	 0.00	 0.00	94.33	 0.00	 0.00	18.73	98.43
 9830	 0.00	 0.00	 0.00	 0.00	94.37	 0.00	 0.00	18.53	98.43
 9835	 0.00	 0.00	 0.00	 0.00	94.39	 0.00	 0.00	18.33	98.44
 9840	 0.00	 0.00	 0.00	 0.00	94.40	 0.00	 0.00	18.14	98.44
 9845	 0.00	 0.00	 0.00	 0.00	94.43	 0.00	 0.00	17.94	98.44
 9850	 0.00	 0.00	 0.00	 0.00	94.46	 0.00	 0.00	17.75	98.44
 9855	 0.00	 0.00	 0.00	 0.00	94.51	 0.00	 0.00	17.56	98.44
 9860	 0.00	 0.00	 0.00	 0.00	94.54	 0.00	 0.00	17.37	98.45
 9865	 0.00	 0.00	 0.00	 0.00	94.57	 0.00	 0.00	17.18	98.45
 9870	 0.00	 0.00	 0.00	 0.00	94.60	 0.00	 0.00	16.99	98.45
 9875	 0.00	 0.00	 0.00	 0.00	94.66	 0.00	 0.00	16.80	98.45
 9880	 0.00	 0.00	 0.00	 0.00	94.71	 0.00	 0.00	16.61	98.46
 9885	 0.00	 0.00	 0.00	 0.00	94.74	 0.00	 0.00	16.42	98.46
 9890	 0.00	 0.00	 0.00	 0.00	94.78	 0.00	 0.00	16.24	98.47
 9895	 0.00	 0.00	 0.00	 0.00	94.82	 0.00	 0.00	16.05	98.46
 9900	 0.00	 0.00	 0.00	 0.00	94.89	 0.00	 0.00	15.87	98.46
 9905	 0.00	 0.00	 0.00	 0.00	94.94	 0.00	 0.00	15.68	98.45
 9910	 0.00	 0.00	 0.00	 0.00	94.98	 0.00	 0.00	15.50	98.46
 9915	 0.00	 0.00	 0.00	 0.00	95.02	 0.00	 0.00	15.32	98.46
 9920	 0.00	 0.00	 0.00	 0.00	95.08	 0.00	 0.00	15.14	98.47
 9925	 0.00	 0.00	 0.00	 0.00	95.15	 0.00	 0.00	14.96	98.47
 9930	 0.00	 0.00	 0.00	 0.00	95.19	 0.00	 0.00	14.78	98.48
 9935	 0.00	 0.00	 0.00	 0.00	95.23	 0.00	 0.00	14.61	98.49
 9940	 0.00	 0.00	 0.00	 0.00	95.28	 0.00	 0.00	14.43	98.50
 9945	 0.00	 0.00	 0.00	 0.00	95.36	 0.00	 0.00	14.26	98.50
 9950	 0.00	 0.00	 0.00	 0.00	95.41	 0.00	 0.00	14.08	98.49
 9955	 0.00	 0.00	 0.00	 0.00	95.45	 0.00	 0.00	13.91	98.48
 9960	 0.00	 0.00	 0.00	 0.00	95.50	 0.00	 0.00	13.74	98.48
 9965	 0.00	 0.00	 0.00	 0.00	95.56	 0.00	 0.00	13.57	98.48
 9970	 0.00	 0.00	 0.00	 0.00	95.61	 0.00	 0.00	13.40	98.49
 9975	 0.00	 0.00	 0.00	 0.00	95.66	 0.00	 0.00	13.23	98.49
 9980	 0.00	 0.00	 0.00	 0.00	95.70	 0.00	 0.00	13.06	98.50
 9985	 0.00	 0.00	 0.00	 0.00	95.75	 0.00	 0.00	12.89	98.50
 9990	 0.00	 0.00	 0.00	 0.00	95.81	 0.00	 0.00	12.73	98.51
 9995	 0.00	 0.00	 0.00	 0.00	95.86	 0.00	 0.00	12.56	98.51
10000	 0.00	 0.00	 0.00	 0.00	95.88	 0.00	 0.00	12.40	98.51
10005	 0.00	 0.00	 0.00	 0.00	95.92	 0.00	 0.00	12.24	98.51
10009	 0.00	 0.00	 0.00	 0.00	95.98	 0.00	 0.00	12.07	98.51
10015	 0.00	 0.00	 0.00	 0.00	96.02	 0.00	 0.00	11.91	98.51
10020	 0.00	 0.00	 0.00	 0.00	96.04	 0.00	 0.00	11.76	98.51
10025	 0.00	 0.00	 0.00	 0.00	96.07	 0.00	 0.00	11.60	98.51
10029	 0.00	 0.00	 0.00	 0.00	96.12	 0.00	 0.00	11.44	98.51
10035	 0.00	 0.00	 0.00	 0.00	96.16	 0.00	 0.00	11.28	98.51
10040	 0.00	 0.00	 0.00	 0.00	96.17	 0.00	 0.00	11.13	98.51
10045	 0.00	 0.00	 0.00	 0.00	96.19	 0.00	 0.00	10.97	98.51
10049	 0.00	 0.00	 0.00	 0.00	96.22	 0.00	 0.00	10.82	98.51
10055	 0.00	 0.00	 0.00	 0.00	96.26	 0.00	 0.00	10.67	98.51
10060	 0.00	 0.00	 0.00	 0.00	96.26	 0.00	 0.00	10.52	98.51
10065	 0.00	 0.00	 0.00	 0.00	96.27	 0.00	 0.00	10.37	98.51
10069	 0.00	 0.00	 0.00	 0.00	96.29	 0.00	 0.00	10.22	98.51
10075	 0.00	 0.00	 0.00	 0.00	96.30	 0.00	 0.00	10.07	98.51
10080	 0.00	 0.00	 0.00	 0.00	96.30	 0.00	 0.00	 9.92	98.50
10085	 0.00	 0.00	 0.00	 0.00	96.29	 0.00	 0.00	 9.78	98.50
10089	 0.00	 0.00	 0.00	 0.00	96.30	 0.00	 0.00	 9.63	98.49
10095	 0.00	 0.00	 0.00	 0.00	96.31	 0.00	 0.00	 9.49	98.50
10100	 0.00	 0.00	 0.00	 0.00	96.29	 0.00	 0.00	 9.34	98.51
10105	 0.00	 0.00	 0.00	 0.00	96.27	 0.00	 0.00	 9.20	98.51
10109	 0.00	 0.00	 0.00	 0.00	96.26	 0.00	 0.00	 9.06	98.51
10115	 0.00	 0.00	 0.00	 0.00	96.26	 0.00	 0.00	 8.92	98.51
10120	 0.00	 0.00	 0.00	 0.00	96.24	 0.00	 0.00	 8.78	98.51
10125	 0.00	 0.00	 0.00	 0.00	96.21	 0.00	 0.00	 8.64	98.51
10129	 0.00	 0.00	 0.00	 0.00	96.19	 0.00	 0.00	 8.50	98.51
10135	 0.00	 0.00	 0.00	 0.00	96.18	 0.00	 0.00	 8.36	98.52
10140	 0.00	 0.00	 0.00	 0.00	96.14	 0.00	 0.00	 8.22	98.52
10145	 0.00	 0.00	 0.00	 0.00	96.09	 0.00	 0.00	 8.09	98.52
10149	 0.00	 0.00	 0.00	 0.00	96.06	 0.00	 0.00	 7.95	98.51
10155	 0.00	 0.00	 0.00	 0.00	96.04	 0.00	 0.00	 7.82	98.50
10160	 0.00	 0.00	 0.00	 0.00	95.99	 0.00	 0.00	 7.68	98.49
10165	 0.00	 0.00	 0.00	 0.00	95.94	 0.00	 0.00	 7.55	98.50
10169	 0.00	 0.00	 0.00	 0.00	95.90	 0.00	 0.00	 7.42	98.50
10175	 0.00	 0.00	 0.00	 0.00	95.86	 0.00	 0.00	 7.29	98.50
10180	 0.00	 0.00	 0.00	 0.00	95.80	 0.00	 0.00	 7.15	98.50
10185	 0.00	 0.00	 0.00	 0.00	95.74	 0.00	 0.00	 7.02	98.49
10189	 0.00	 0.00	 0.00	 0.00	95.70	 0.00	 0.00	 6.89	98.48
10195	 0.00	 0.00	 0.00	 0.00	95.65	 0.00	 0.00	 6.77	98.48
10200	 0.00	 0.00	 0.00	 0.00	95.58	 0.00	 0.00	 6.64	98.48
10205	 0.00	 0.00	 0.00	 0.00	95.52	 0.00	 0.00	 6.51	98.48
10209	 0.00	 0.00	 0.00	 0.00	95.46	 0.00	 0.00	 6.38	98.47
10215	 0.00	 0.00	 0.00	 0.00	95.40	 0.00	 0.00	 6.26	98.46
10220	 0.00	 0.00	 0.00	 0.00	95.33	 0.00	 0.00	 6.13	98.45
10225	 0.00	 0.00	 0.00	 0.00	95.26	 0.00	 0.00	 6.01	98.45
10230	 0.00	 0.00	 0.00	 0.00	95.20	 0.00	 0.00	 5.88	98.44
10235	 0.00	 0.01	 0.00	 0.00	95.12	 0.00	 0.00	 5.76	98.44
10240	 0.00	 0.00	 0.00	 0.00	95.06	 0.00	 0.00	 5.63	98.44
10245	 0.00	 0.00	 0.00	 0.00	94.99	 0.00	 0.00	 5.51	98.44
10250	 0.00	 0.00	 0.00	 0.00	94.91	 0.00	 0.00	 5.39	98.43
10255	 0.00	 0.00	 0.00	 0.00	94.85	 0.00	 0.00	 5.27	98.43
10260	 0.00	 0.00	 0.00	 0.00	94.78	 0.00	 0.00	 5.15	98.43
10265	 0.00	 0.01	 0.00	 0.00	94.69	 0.00	 0.00	 5.02	98.42
10270	 0.00	 0.01	 0.00	 0.00	94.62	 0.00	 0.00	 4.90	98.42
10275	 0.00	 0.01	 0.00	 0.00	94.56	 0.00	 0.00	 4.79	98.41
10280	 0.00	 0.01	 0.00	 0.00	94.48	 0.00	 0.00	 4.67	98.41
10285	 0.00	 0.01	 0.00	 0.00	94.40	 0.00	 0.00	 4.55	98.40
10290	 0.00	 0.00	 0.00	 0.00	94.34	 0.00	 0.00	 4.43	98.40
10295	 0.00	 0.00	 0.00	 0.00	94.27	 0.00	 0.00	 4.31	98.39
10300	 0.00	 0.01	 0.00	 0.00	94.20	 0.00	 0.00	 4.19	98.37
10305	 0.00	 0.01	 0.00	 0.00	94.12	 0.00	 0.00	 4.08	98.36
10310	 0.00	 0.01	 0.00	 0.00	94.05	 0.00	 0.00	 3.96	98.35
10315	 0.00	 0.00	 0.00	 0.00	93.98	 0.00	 0.00	 3.84	98.35
10320	 0.00	 0.01	 0.00	 0.00	93.92	 0.00	 0.00	 3.73	98.34
10325	 0.00	 0.01	 0.00	 0.00	93.85	 0.00	 0.00	 3.61	98.34
10330	 0.00	 0.01	 0.00	 0.00	93.79	 0.00	 0.00	 3.50	98.33
10335	 0.00	 0.01	 0.00	 0.00	93.73	 0.00	 0.00	 3.38	98.32
10340	 0.00	 0.01	 0.00	 0.00	93.65	 0.00	 0.00	 3.27	98.31
10345	 0.00	 0.01	 0.00	 0.00	93.60	 0.00	 0.00	 3.16	98.30
10350	 0.00	 0.01	 0.00	 0.00	93.54	 0.00	 0.00	 3.04	98.29
10355	 0.00	 0.01	 0.00	 0.00	93.47	 0.00	 0.00	 2.93	98.28
10360	 0.00	 0.01	 0.00	 0.00	93.42	 0.00	 0.00	 2.82	98.28
10365	 0.00	 0.01	 0.00	 0.00	93.37	 0.00	 0.00	 2.70	98.26
10370	 0.00	 0.01	 0.00	 0.00	93.32	 0.00	 0.00	 2.59	98.25
10375	 0.00	 0.01	 0.00	 0.00	93.27	 0.00	 0.00	 2.48	98.25
10380	 0.00	 0.01	 0.00	 0.00	93.23	 0.00	 0.00	 2.37	98.25
10385	 0.00	 0.01	 0.00	 0.00	93.19	 0.00	 0.00	 2.26	98.24
10390	 0.00	 0.01	 0.00	 0.00	93.13	 0.00	 0.00	 2.15	98.23
10395	 0.00	 0.01	 0.00	 0.00	93.10	 0.00	 0.00	 2.04	98.22
10400	 0.00	 0.01	 0.00	 0.00	93.06	 0.00	 0.00	 1.93	98.22
10405	 0.00	 0.01	 0.00	 0.00	93.02	 0.00	 0.00	 1.81	98.21
10410	 0.00	 0.01	 0.00	 0.00	92.99	 0.00	 0.00	 1.70	98.20
10415	 0.00	 0.01	 0.00	 0.00	92.96	 0.00	 0.00	 1.59	98.19
10420	 0.00	 0.01	 0.00	 0.00	92.94	 0.00	 0.00	 1.48	98.18
10425	 0.00	 0.01	 0.00	 0.00	92.90	 0.00	 0.00	 1.38	98.16
10430	 0.00	 0.01	 0.00	 0.00	92.89	 0.00	 0.00	 1.27	98.14
10435	 0.00	 0.01	 0.00	 0.00	92.88	 0.00	 0.00	 1.16	98.13
10440	 0.00	 0.01	 0.00	 0.00	92.85	 0.00	 0.00	 1.05	98.12
10445	 0.00	 0.01	 0.00	 0.00	92.85	 0.00	 0.00	 0.94	98.11
10450	 0.00	 0.01	 0.00	 0.00	92.84	 0.00	 0.00	 0.83	98.10
10455	 0.00	 0.01	 0.00	 0.00	92.82	 0.00	 0.00	 0.72	98.08
10460	 0.00	 0.01	 0.00	 0.00	92.82	 0.00	 0.00	 0.61	98.07
10465	 0.00	 0.01	 0.00	 0.00	92.82	 0.00	 0.00	 0.50	98.06
10470	 0.00	 0.01	 0.00	 0.00	92.83	 0.00	 0.00	 0.39	98.04
10475	 0.00	 0.01	 0.00	 0.00	92.83	 0.00	 0.00	 0.29	98.03
10480	 0.00	 0.01	 0.00	 0.00	92.84	 0.00	 0.00	 0.00	98.02
10485	 0.00	 0.01	 0.00	 0.00	92.86	 0.00	 0.00	 0.00	98.00
10490	 0.00	 0.01	 0.00	 0.00	92.87	 0.00	 0.00	 0.00	97.98
10495	 0.00	 0.01	 0.00	 0.00	92.89	 0.00	 0.00	 0.00	97.96
10500	 0.00	 0.01	 0.00	 0.00	92.92	 0.00	 0.00	 0.00	97.94
10505	 0.00	 0.01	 0.00	 0.00	92.93	 0.00	 0.00	 0.00	97.93
10510	 0.00	 0.01	 0.00	 0.00	92.96	 0.00	 0.00	 0.00	97.91
10515	 0.00	 0.01	 0.00	 0.00	93.00	 0.00	 0.00	 0.00	97.90
10520	 0.00	 0.01	 0.00	 0.00	93.03	 0.00	 0.00	 0.00	97.89
10525	 0.00	 0.01	 0.00	 0.00	93.06	 0.00	 0.00	 0.00	97.88
10530	 0.00	 0.01	 0.00	 0.00	93.11	 0.00	 0.00	 0.00	97.86
10535	 0.00	 0.01	 0.00	 0.00	93.15	 0.00	 0.00	 0.00	97.84
10540	 0.00	 0.01	 0.00	 0.00	93.19	 0.00	 0.00	 0.00	97.82
10545	 0.00	 0.01	 0.00	 0.00	93.23	 0.00	 0.00	 0.00	97.80
10550	 0.00	 0.01	 0.00	 0.00	93.29	 0.00	 0.00	 0.00	97.79
10555	 0.00	 0.01	 0.00	 0.00	93.33	 0.00	 0.00	 0.00	97.78
10560	 0.00	 0.01	 0.00	 0.00	93.37	 0.00	 0.00	 0.00	97.76
10565	 0.00	 0.01	 0.00	 0.00	93.45	 0.00	 0.00	 0.00	97.74
10570	 0.00	 0.01	 0.00	 0.00	93.50	 0.00	 0.00	 0.00	97.72
10575	 0.00	 0.01	 0.00	 0.00	93.55	 0.00	 0.00	 0.00	97.70
10580	 0.00	 0.01	 0.00	 0.00	93.63	 0.00	 0.00	 0.00	97.67
10585	 0.00	 0.01	 0.00	 0.00	93.68	 0.00	 0.00	 0.00	97.65
10590	 0.00	 0.01	 0.00	 0.00	93.74	 0.00	 0.00	 0.00	97.63
10595	 0.00	 0.01	 0.00	 0.00	93.82	 0.00	 0.00	 0.00	97.61
10600	 0.00	 0.01	 0.00	 0.00	93.87	 0.00	 0.00	 0.00	97.59
10605	 0.00	 0.01	 0.00	 0.00	93.94	 0.00	 0.00	 0.00	97.57
10610	 0.00	 0.01	 0.00	 0.00	94.02	 0.00	 0.00	 0.00	97.55
10615	 0.00	 0.01	 0.00	 0.00	94.08	 0.00	 0.00	 0.00	97.53
10620	 0.00	 0.01	 0.00	 0.00	94.16	 0.00	 0.00	 0.00	97.51
10625	 0.00	 0.01	 0.00	 0.00	94.23	 0.00	 0.00	 0.00	97.49
10630	 0.00	 0.01	 0.00	 0.00	94.29	 0.00	 0.00	 0.00	97.47
10634	 0.00	 0.01	 0.00	 0.00	94.37	 0.00	 0.00	 0.00	97.44
10640	 0.00	 0.01	 0.00	 0.00	94.44	 0.00	 0.00	 0.00	97.41
10645	 0.00	 0.01	 0.00	 0.00	94.50	 0.00	 0.00	 0.00	97.38
10650	 0.00	 0.01	 0.00	 0.00	94.60	 0.00	 0.00	 0.00	97.35
10654	 0.00	 0.01	 0.00	 0.00	94.67	 0.00	 0.00	 0.00	97.33
10660	 0.00	 0.02	 0.00	 0.00	94.72	 0.00	 0.00	 0.00	97.30
10665	 0.00	 0.02	 0.00	 0.00	94.81	 0.00	 0.00	 0.00	97.28
10670	 0.00	 0.02	 0.00	 0.00	94.89	 0.00	 0.00	 0.00	97.26
10674	 0.00	 0.02	 0.00	 0.00	94.95	 0.00	 0.00	 0.00	97.24
10680	 0.00	 0.02	 0.00	 0.00	95.03	 0.00	 0.00	 0.00	97.22
10685	 0.00	 0.02	 0.00	 0.00	95.11	 0.00	 0.00	 0.00	97.20
10690	 0.00	 0.02	 0.00	 0.00	95.17	 0.00	 0.00	 0.00	97.17
10694	 0.00	 0.02	 0.00	 0.00	95.25	 0.00	 0.00	 0.00	97.14
10700	 0.00	 0.02	 0.00	 0.00	95.32	 0.00	 0.00	 0.00	97.12
10705	 0.00	 0.02	 0.00	 0.00	95.38	 0.00	 0.00	 0.00	97.09
10710	 0.00	 0.02	 0.00	 0.00	95.46	 0.00	 0.00	 0.00	97.06
10714	 0.00	 0.02	 0.00	 0.00	95.52	 0.00	 0.00	 0.00	97.04
10720	 0.00	 0.02	 0.00	 0.00	95.57	 0.00	 0.00	 0.00	97.01
10725	 0.00	 0.02	 0.00	 0.00	95.65	 0.00	 0.00	 0.00	96.98
10730	 0.00	 0.02	 0.00	 0.00	95.72	 0.00	 0.00	 0.00	96.95
10734	 0.00	 0.02	 0.00	 0.00	95.76	 0.00	 0.00	 0.00	96.92
10740	 0.00	 0.02	 0.00	 0.00	95.82	 0.00	 0.00	 0.00	96.89
10745	 0.00	 0.02	 0.00	 0.00	95.89	 0.00	 0.00	 0.00	96.86
10750	 0.00	 0.02	 0.00	 0.00	95.94	 0.00	 0.00	 0.00	96.82
10754	 0.00	 0.02	 0.00	 0.00	95.99	 0.00	 0.00	 0.00	96.79
10760	 0.00	 0.02	 0.00	 0.00	96.05	 0.00	 0.00	 0.00	96.76
10765	 0.00	 0.02	 0.00	 0.00	96.09	 0.00	 0.00	 0.00	96.74
10770	 0.00	 0.02	 0.00	 0.00	96.15	 0.00	 0.00	 0.00	96.71
10774	 0.00	 0.02	 0.00	 0.00	96.20	 0.00	 0.00	 0.00	96.68
10780	 0.00	 0.02	 0.00	 0.00	96.23	 0.00	 0.00	 0.00	96.65
10785	 0.00	 0.02	 0.00	 0.00	96.27	 0.00	 0.00	 0.00	96.61
10790	 0.00	 0.02	 0.00	 0.00	96.31	 0.00	 0.00	 0.00	96.58
10794	 0.00	 0.02	 0.00	 0.00	96.35	 0.00	 0.00	 0.00	96.54
10800	 0.00	 0.02	 0.00	 0.00	96.38	 0.00	 0.00	 0.00	96.51
10805	 0.00	 0.02	 0.00	 0.00	96.40	 0.00	 0.00	 0.00	96.47
10810	 0.00	 0.02	 0.00	 0.00	96.43	 0.00	 0.00	 0.00	96.44
10814	 0.00	 0.02	 0.00	 0.00	96.46	 0.00	 0.00	 0.00	96.41
10820	 0.00	 0.02	 0.00	 0.00	96.47	 0.00	 0.00	 0.00	96.39
10825	 0.00	 0.02	 0.00	 0.00	96.49	 0.00	 0.00	 0.00	96.36
10830	 0.00	 0.02	 0.00	 0.00	96.51	 0.00	 0.00	 0.00	96.33
10834	 0.00	 0.02	 0.00	 0.00	96.51	 0.00	 0.00	 0.00	96.28
10840	 0.00	 0.02	 0.00	 0.00	96.52	 0.00	 0.00	 0.00	96.23
10845	 0.00	 0.01	 0.00	 0.00	96.53	 0.00	 0.00	 0.00	96.19
10850	 0.00	 0.01	 0.00	 0.00	96.53	 0.00	 0.00	 0.00	96.15
10855	 0.00	 0.01	 0.00	 0.00	96.53	 0.00	 0.00	 0.00	96.12
10860	 0.00	 0.01	 0.00	 0.00	96.53	 0.00	 0.00	 0.00	96.09
10865	 0.00	 0.01	 0.00	 0.00	96.53	 0.00	 0.00	 0.00	96.06
10870	 0.00	 0.01	 0.00	 0.00	96.51	 0.00	 0.00	 0.00	96.02
10875	 0.00	 0.01	 0.00	 0.00	96.50	 0.00	 0.00	 0.00	95.98
10880	 0.00	 0.01	 0.00	 0.00	96.49	 0.00	 0.00	 0.00	95.94
10885	 0.00	 0.01	 0.00	 0.00	96.48	 0.00	 0.00	 0.00	95.90
10890	 0.00	 0.01	 0.00	 0.00	96.44	 0.00	 0.00	 0.00	95.85
10895	 0.00	 0.01	 0.00	 0.00	96.42	 0.00	 0.00	 0.00	95.81
10900	 0.00	 0.01	 0.00	 0.00	96.40	 0.00	 0.00	 0.00	95.76
10905	 0.00	 0.01	 0.00	 0.00	96.36	 0.00	 0.00	 0.00	95.71
10910	 0.00	 0.01	 0.00	 0.00	96.32	 0.00	 0.00	 0.00	95.67
10915	 0.00	 0.01	 0.00	 0.00	96.30	 0.00	 0.00	 0.00	95.63
10920	 0.00	 0.01	 0.01	 0.00	96.26	 0.00	 0.00	 0.00	95.59
10925	 0.00	 0.01	 0.01	 0.00	96.21	 0.00	 0.00	 0.00	95.56
10930	 0.00	 0.01	 0.01	 0.00	96.17	 0.00	 0.00	 0.00	95.52
10935	 0.00	 0.01	 0.00	 0.00	96.13	 0.00	 0.00	 0.00	95.48
10940	 0.00	 0.01	 0.01	 0.01	96.08	 0.00	 0.00	 0.00	95.44
10945	 0.00	 0.01	 0.01	 0.01	96.02	 0.00	 0.00	 0.00	95.39
10950	 0.00	 0.01	 0.01	 0.01	95.97	 0.00	 0.00	 0.00	95.35
10955	 0.00	 0.01	 0.01	 0.01	95.92	 0.00	 0.00	 0.00	95.30
10960	 0.00	 0.01	 0.01	 0.01	95.86	 0.00	 0.00	 0.00	95.26
10965	 0.00	 0.01	 0.01	 0.01	95.80	 0.00	 0.00	 0.00	95.22
10970	 0.00	 0.01	 0.01	 0.01	95.76	 0.00	 0.00	 0.00	95.17
10975	 0.00	 0.01	 0.01	 0.01	95.70	 0.00	 0.00	 0.00	95.12
10980	 0.00	 0.01	 0.01	 0.01	95.60	 0.00	 0.00	 0.00	95.07
10985	 0.00	 0.01	 0.01	 0.01	95.49	 0.00	 0.00	 0.00	95.02
10990	 0.00	 0.01	 0.01	 0.01	95.46	 0.00	 0.00	 0.00	94.97
10995	 0.00	 0.01	 0.01	 0.01	95.42	 0.00	 0.00	 0.00	94.92
11000	 0.00	 0.01	 0.01	 0.01	95.35	 0.00	 0.00	 0.00	94.87
